13
19
28
27
34
33
29
37
33
28
27
25
23
24
19
20
21
24
25
27
26
26
31
30
26
24
30
24
27
25
27
29
34
35
35
35
29
26
26
31
35
32
32
30
25
27
31
35
35
33
37
33
32
30
30
31
32
28
33
32
33
27
34
35
37
37
35
28
33
31
31
36
35
37
34
27
30
32
31
29
32
35
35
33
34
30
23
19
25
31
31
36
32
34
32
32
32
31
30
32
28
19
22
25
31
31
33
29
34
29
32
33
30
30
29
28
31
31
32
34
32
34
32
35
35
34
30
31
31
36
35
33
35
29
33
34
32
32
32
36
35
31
31
33
31
29
30
28
31
29
30
32
27
31
28
31
32
30
28
32
35
35
33
38
32
33
29
18
17
27
30
29
30
30
30
31
31
29
28
31
18
17
30
33
30
32
30
34
35
33
32
33
33
35
35
33
35
36
35
36
30
35
34
34
35
36
32
34
34
34
29
19
25
26
29
34
32
34
35
35
34
29
28
33
30
31
34
