22
31
32
33
32
34
33
35
34
35
36
35
35
32
33
34
33
32
35
36
36
36
28
19
16
29
28
29
27
28
31
25
29
31
29
30
29
29
19
17
26
28
34
33
33
36
33
32
32
24
25
24
29
28
24
23
25
29
29
27
29
29
27
28
30
32
35
34
28
34
33
31
35
33
29
29
29
34
29
31
33
32
36
29
34
35
37
35
36
37
37
36
36
35
36
34
34
36
37
34
34
37
35
31
32
31
32
30
29
32
32
33
36
34
29
24
22
19
27
31
29
30
35
34
34
37
35
35
31
29
27
29
17
17
28
30
31
36
35
35
34
34
35
36
35
35
37
35
36
35
35
33
35
35
37
35
32
31
35
34
33
31
30
28
34
37
35
35
35
34
35
36
36
36
33
35
38
36
34
36
29
35
36
34
30
32
34
31
34
32
32
30
30
36
35
36
35
34
36
33
31
35
36
36
36
37
27
18
28
31
29
30
35
35
28
34
30
29
30
24
16
31
35
36
36
35
34
31
32
32
