15
18
30
31
34
35
32
26
29
26
25
21
22
13
15
27
26
28
25
24
28
33
34
35
32
35
36
36
36
33
37
35
28
30
34
36
35
34
32
30
32
34
31
32
32
33
36
36
30
36
34
36
35
34
37
36
34
28
32
28
29
28
31
35
28
32
30
34
35
36
30
35
36
35
35
19
16
25
29
31
29
26
26
25
24
32
33
32
30
29
30
31
32
34
32
27
29
26
29
32
32
33
36
33
35
34
34
34
34
35
33
36
33
37
35
34
31
34
33
31
31
32
36
32
35
38
34
30
33
34
34
27
27
29
25
20
13
12
24
26
28
30
24
25
27
31
22
22
27
27
30
29
27
31
30
33
27
28
37
35
36
37
35
35
34
35
36
23
31
36
35
34
35
31
28
30
26
31
31
34
30
31
30
30
34
31
37
36
37
36
36
31
33
33
34
36
35
37
30
28
30
33
33
33
18
16
31
36
35
30
31
32
30
30
32
18
22
35
32
29
32
32
32
33
31
30
36
35
37
31
34
34
35
30
30
29
33
38
37
33
36
33
33
29
30
31
30
29
30
31
33
