24
28
22
17
27
32
31
33
35
34
34
36
34
32
32
28
30
30
28
21
22
24
31
32
34
33
33
34
31
30
28
23
23
24
26
25
27
27
29
28
28
30
27
28
29
26
27
28
29
25
30
29
27
25
25
29
27
34
29
30
35
32
31
30
30
28
29
30
30
29
29
29
31
26
32
30
31
31
28
29
29
29
27
31
29
28
32
29
28
33
35
38
32
21
19
31
27
30
29
30
33
32
36
34
36
34
34
30
30
28
29
23
21
33
29
25
25
34
36
36
35
35
35
35
35
36
35
39
34
37
36
30
34
31
35
34
34
32
29
32
31
33
31
36
31
32
36
37
35
36
36
34
36
35
36
35
35
34
37
32
32
32
32
30
32
34
35
34
36
35
34
34
32
34
35
35
31
32
32
33
31
35
32
30
33
33
33
31
30
33
34
22
19
27
31
38
36
37
35
32
34
36
36
31
26
27
28
29
21
20
28
26
27
29
32
30
28
29
31
28
29
26
29
30
36
35
28
32
30
29
32
35
33
35
32
36
33
32
34
32
30
32
34
34
34
32
36
32
34
35
28
30
30
29
33
29
35
36
36
33
30
31
31
33
33
33
35
35
33
33
35
38
36
36
36
36
22
21
31
28
26
32
34
35
34
29
29
30
33
28
27
26
23
23
22
28
29
35
37
37
37
33
36
35
34
36
31
29
34
34
35
31
32
31
29
31
34
37
35
32
37
36
30
20
27
36
35
34
36
35
36
36
32
36
34
34
29
30
28
31
33
35
32
30
31
29
33
34
34
38
34
27
33
34
36
35
35
34
34
33
30
34
37
37
35
22
19
29
26
28
33
34
32
32
35
37
37
35
28
29
29
30
20
19
31
30
35
35
29
33
34
34
29
32
33
29
32
30
32
32
32
33
37
33
37
35
36
33
34
34
34
33
34
36
37
33
32
35
32
27
31
33
30
31
31
32
32
31
35
36
36
36
36
34
35
36
35
33
36
37
36
35
36
34
34
35
35
32
32
29
29
31
32
31
29
31
34
34
33
36
36
34
36
20
19
29
31
36
36
38
33
