21
33
31
35
34
36
34
33
29
32
26
27
25
27
29
28
29
26
30
25
26
26
24
24
31
28
28
27
26
29
27
27
19
18
25
34
35
29
32
31
29
32
32
32
34
30
29
29
31
22
17
24
28
31
34
37
34
36
36
36
33
27
27
32
32
30
30
33
33
34
34
34
34
35
35
35
35
35
35
35
35
30
33
32
33
34
34
36
35
36
34
27
20
27
32
34
35
32
31
31
33
31
37
32
33
32
34
34
32
33
29
33
29
35
35
34
34
37
36
38
35
34
28
29
34
35
33
33
33
20
19
23
29
34
34
37
34
34
33
35
33
32
29
28
26
28
18
19
26
28
33
33
31
31
34
36
36
33
36
32
36
35
33
36
34
34
37
32
37
38
30
33
30
33
35
34
33
32
32
34
34
37
35
36
34
35
34
32
30
32
36
31
34
35
34
30
31
34
34
33
31
34
33
38
35
34
35
36
35
35
35
36
37
32
35
36
31
34
32
32
31
35
31
31
34
35
19
15
28
31
30
30
36
35
36
34
34
28
29
29
29
29
30
24
24
19
30
30
32
