20
28
31
33
36
32
32
33
31
27
28
27
26
25
23
26
29
29
29
27
28
26
30
26
30
26
24
24
27
14
22
24
28
30
27
32
28
31
34
37
25
20
14
27
27
33
32
29
29
29
29
30
36
34
32
29
28
29
28
32
32
33
34
30
34
32
29
30
33
35
32
33
32
32
33
31
32
32
31
34
33
34
36
35
34
35
35
33
33
33
31
30
30
32
33
30
31
31
29
28
31
32
34
35
33
35
34
27
34
31
34
34
33
35
34
34
35
29
30
31
32
33
33
31
22
21
27
26
35
35
30
32
31
29
32
30
28
28
28
26
18
16
34
35
35
36
32
34
32
34
33
33
35
35
34
29
27
32
32
34
36
34
35
35
33
31
33
31
35
33
34
33
34
34
32
33
36
35
32
29
32
30
32
30
28
31
34
32
35
34
35
35
33
34
35
31
34
34
32
32
33
31
33
36
33
33
32
30
29
33
35
36
35
30
30
32
33
30
19
17
24
30
30
31
33
31
28
32
31
33
29
29
30
28
21
17
27
29
30
32
33
31
32
35
33
34
32
34
34
37
34
36
35
36
35
33
33
31
31
30
35
33
37
35
34
32
33
28
35
28
28
32
31
34
35
35
33
32
33
35
35
35
35
35
35
28
28
34
32
32
31
33
32
31
32
31
33
34
36
35
29
32
35
34
33
35
35
38
35
34
32
31
30
34
34
21
20
21
29
29
32
34
34
35
31
33
33
34
26
25
28
19
16
29
29
30
35
33
35
35
36
33
33
31
28
32
32
29
33
29
34
37
31
32
33
32
31
29
34
32
35
32
32
34
33
33
34
34
32
34
33
31
34
34
35
29
25
30
33
29
32
28
32
30
31
32
29
30
34
32
36
37
35
35
36
37
36
33
31
30
27
32
31
32
31
27
34
33
31
34
36
19
16
28
30
27
30
33
32
30
30
31
32
32
29
28
27
26
21
16
25
29
32
30
32
29
34
36
33
35
33
31
32
28
29
27
31
31
36
33
34
33
32
33
33
32
36
35
33
30
33
34
35
35
31
31
29
28
33
33
31
27
27
28
32
