21
34
35
32
34
33
28
29
30
34
29
30
29
27
27
25
28
27
29
28
29
26
29
27
27
25
35
36
35
34
33
31
31
27
33
28
28
22
17
25
24
33
35
35
29
35
29
27
16
17
25
26
26
26
23
29
24
27
26
24
26
26
30
27
18
22
30
37
37
36
37
36
36
35
32
30
32
35
32
31
33
30
20
24
31
30
29
35
33
35
32
32
36
34
35
36
36
34
36
20
27
30
33
33
30
33
29
30
28
32
29
28
31
29
33
32
35
34
32
33
32
28
22
22
30
36
32
31
32
31
31
33
31
33
33
27
29
30
34
33
34
34
36
34
32
34
35
36
36
33
30
30
28
33
35
27
27
30
28
28
33
31
30
30
32
33
35
33
35
35
33
30
35
37
36
37
34
36
33
30
28
28
30
26
28
29
29
28
28
30
28
27
20
18
27
29
35
32
36
31
30
29
24
16
26
26
29
32
35
34
29
27
28
30
26
27
32
28
33
30
34
33
29
29
29
30
33
35
31
34
28
32
31
29
33
32
33
33
34
33
34
33
30
33
33
29
30
29
29
30
30
