21
32
36
37
32
36
36
34
30
25
24
21
14
25
28
30
30
27
26
24
24
25
27
26
26
29
23
24
29
30
27
27
26
32
35
36
34
34
30
31
34
34
33
30
31
29
28
31
34
35
35
34
30
30
35
33
34
35
32
33
36
32
34
31
30
33
32
33
33
31
35
32
33
32
34
34
32
27
31
34
38
31
34
34
33
34
34
35
35
32
18
16
33
29
33
33
31
32
33
32
32
31
33
26
28
28
25
18
17
29
29
33
33
36
36
34
35
36
37
35
35
34
35
35
33
32
31
28
32
30
33
37
34
36
34
31
28
30
33
34
36
35
34
35
36
38
35
35
34
37
35
35
36
35
34
36
35
34
34
34
33
34
29
29
34
29
31
30
31
37
35
33
33
30
29
34
30
35
34
33
33
35
19
23
27
30
30
31
32
30
33
32
36
30
31
30
28
18
18
29
31
31
34
34
34
35
34
32
33
33
31
31
31
31
30
38
33
31
34
38
36
36
30
38
37
35
35
36
34
32
35
32
34
32
32
36
36
32
36
38
34
34
30
36
37
36
37
31
31
29
26
34
32
30
27
29
32
31
32
32
31
33
36
35
34
35
36
35
34
37
36
35
35
26
31
37
36
34
34
21
18
27
30
30
30
34
31
35
32
35
27
30
28
28
29
27
