22
34
33
24
20
28
31
23
26
24
26
25
29
28
25
25
25
26
19
17
25
26
24
26
31
34
30
27
27
26
24
27
24
25
26
26
31
34
34
35
34
33
34
33
35
34
32
33
34
34
34
33
31
30
28
35
30
33
29
35
35
35
30
32
34
33
34
33
33
34
35
36
34
33
33
30
31
30
29
32
31
29
36
33
35
35
34
34
31
36
35
35
33
32
33
30
35
36
21
18
28
34
29
33
30
30
30
36
36
36
34
29
29
29
30
25
20
26
29
28
27
28
28
29
32
36
33
33
31
37
36
35
35
35
31
35
32
32
34
35
35
31
30
29
32
31
32
31
33
34
28
35
35
35
35
37
32
35
37
31
31
31
34
30
32
29
30
32
34
34
31
32
36
36
35
34
30
29
29
33
33
29
33
34
34
38
33
29
34
30
19
28
30
28
31
30
33
35
31
36
36
35
30
25
25
29
22
18
29
31
36
36
35
36
36
33
37
34
34
35
28
33
34
32
29
29
30
30
30
31
31
33
34
34
30
34
33
35
35
35
34
34
35
35
35
35
32
30
30
33
30
30
33
33
33
36
35
35
36
34
35
35
33
28
32
35
37
34
36
35
32
35
29
32
32
33
33
34
36
34
34
33
34
33
34
37
35
21
20
28
29
30
28
30
33
32
35
31
33
34
29
29
28
24
23
21
28
31
34
37
35
35
32
29
30
31
28
33
33
32
31
32
36
31
32
34
36
35
37
32
33
30
28
32
35
33
30
29
34
31
29
32
35
32
35
33
35
33
34
30
33
33
34
34
35
35
36
33
32
35
34
35
34
33
35
34
35
35
35
34
36
32
30
29
31
32
36
31
36
32
30
32
32
26
21
21
30
33
31
33
36
35
36
33
28
29
27
21
19
28
27
32
30
29
29
31
34
35
35
37
36
34
35
32
36
37
34
36
35
35
37
36
31
34
30
34
32
32
31
32
35
36
35
26
30
34
35
33
35
32
35
32
35
35
33
31
32
30
29
34
30
32
34
34
34
35
33
34
34
34
35
32
36
33
29
34
34
36
33
37
32
36
37
33
36
35
27
31
20
23
28
29
32
32
33
29
32
34
35
32
29
27
26
23
21
20
27
30
34
