21
25
33
34
33
32
34
35
34
35
35
36
33
34
34
34
34
32
34
28
24
30
28
32
30
27
28
26
34
34
34
35
33
33
34
33
35
32
34
33
31
35
27
28
21
19
26
31
35
34
27
24
29
25
24
24
25
22
19
25
27
25
26
24
27
25
26
26
26
23
26
28
29
29
35
35
33
34
35
33
34
33
35
33
30
30
31
32
32
27
30
28
27
24
29
31
26
30
31
32
34
34
30
32
31
32
30
34
33
32
34
26
27
28
28
29
30
35
33
32
32
33
30
32
31
28
28
22
20
26
24
27
27
32
29
32
32
33
32
34
32
34
31
35
32
29
27
27
23
26
26
21
23
31
35
34
35
33
33
36
32
34
35
32
34
28
27
26
26
31
31
25
31
30
30
24
27
28
34
27
26
28
32
30
33
34
31
27
27
19
18
26
31
33
29
33
28
28
28
23
23
25
20
17
34
34
35
34
35
33
31
29
24
26
30
30
33
31
30
30
31
29
26
28
33
32
34
36
31
24
28
27
29
34
34
33
34
33
27
30
26
30
33
28
26
27
34
32
35
31
28
27
28
29
36
34
34
32
31
32
28
32
32
27
24
29
29
18
19
25
33
33
33
33
31
32
36
31
32
28
29
29
20
19
32
27
28
30
29
27
27
31
30
31
34
31
32
32
30
35
31
31
27
28
31
29
29
29
31
31
33
26
28
30
29
29
22
29
30
36
32
29
27
30
29
28
28
31
32
36
32
31
30
28
30
28
26
24
24
27
27
26
17
19
26
29
34
27
28
30
35
35
35
26
26
26
18
18
29
27
29
34
31
33
36
30
31
29
28
30
32
27
33
32
34
32
33
32
28
28
28
27
27
29
28
30
25
30
32
30
31
30
34
35
33
32
34
34
35
34
33
33
33
28
31
29
26
29
35
32
30
33
32
34
26
20
28
31
32
29
35
34
32
32
34
24
23
25
24
20
22
26
28
32
31
33
30
29
35
30
26
24
27
28
26
28
28
31
31
32
32
31
32
34
33
32
35
35
27
26
29
28
29
32
33
32
34
32
35
32
32
35
32
34
34
35
35
35
23
19
25
27
27
27
29
29
27
33
30
27
27
28
20
25
30
28
35
32
34
33
30
29
29
26
27
24
31
33
34
34
31
32
33
34
34
33
34
33
34
34
35
31
31
29
29
26
28
28
28
29
30
28
34
34
32
33
35
33
34
32
33
31
34
32
31
32
29
30
34
27
33
30
28
24
26
30
34
23
19
27
34
32
36
31
32
33
33
32
32
26
28
28
20
20
29
32
35
33
34
33
33
33
26
33
34
34
32
35
33
27
29
33
28
29
31
31
27
27
30
29
31
30
33
34
36
35
34
33
34
35
33
36
33
30
29
33
31
33
30
30
33
33
28
31
28
32
27
29
33
35
32
34
35
35
33
29
31
31
35
28
28
27
32
28
27
25
27
21
18
28
34
34
34
32
32
28
29
31
32
32
30
29
29
31
25
28
32
36
36
34
34
34
30
33
30
33
33
30
34
30
28
30
32
28
31
29
29
29
31
28
28
30
30
30
35
29
27
27
32
28
28
31
29
28
25
26
29
28
33
30
18
29
30
32
27
31
35
29
35
32
29
28
27
30
28
20
21
26
29
28
30
29
32
34
36
32
33
35
32
30
36
