23
35
37
35
35
33
34
35
35
33
21
17
26
31
34
35
33
33
32
36
24
27
24
27
24
20
15
26
30
28
26
28
26
26
27
26
25
26
26
26
27
25
25
27
28
34
36
31
31
32
32
32
28
32
36
28
31
35
37
36
31
31
33
33
34
34
32
34
32
33
30
30
31
32
34
35
35
35
28
34
34
35
35
36
34
35
35
34
36
29
32
30
30
22
22
26
29
32
36
37
34
33
34
33
32
30
31
30
23
21
27
27
27
28
34
32
34
36
36
37
36
33
33
35
32
36
34
29
32
32
33
32
34
36
32
36
35
29
32
34
33
38
34
37
33
35
33
32
34
32
30
36
35
34
34
34
34
34
33
34
32
34
34
33
28
31
33
33
38
33
31
33
31
30
34
32
36
37
33
32
23
20
33
30
34
31
35
36
33
35
33
31
26
27
27
26
16
27
32
28
29
34
34
34
35
34
33
36
31
30
31
29
30
32
30
32
36
30
31
37
34
35
32
36
35
34
38
33
34
34
33
34
34
29
28
30
28
31
35
35
32
34
32
35
36
36
36
33
33
34
35
34
36
37
35
35
34
31
31
29
20
30
29
30
33
34
29
34
30
31
29
32
29
21
32
31
37
37
35
34
33
30
33
35
31
36
31
25
31
29
34
37
36
35
35
33
33
34
36
33
33
37
37
32
34
31
32
31
34
37
33
34
35
29
31
37
34
36
31
29
30
31
36
31
26
29
30
32
34
32
33
35
30
36
34
34
34
34
35
35
33
32
33
34
34
22
19
29
30
30
35
36
36
29
35
36
33
27
29
30
23
17
29
30
