21
33
33
33
35
29
36
35
32
25
28
26
28
27
26
26
26
28
28
28
23
26
22
26
26
17
14
28
28
35
33
37
36
36
34
30
30
31
23
20
27
31
29
30
30
34
33
35
36
33
28
33
34
36
33
34
36
32
31
37
34
34
36
34
36
36
36
36
34
34
36
33
35
35
33
36
36
31
34
32
31
34
37
37
34
36
33
35
36
35
35
35
35
33
38
35
30
32
32
30
30
34
33
21
17
28
33
35
34
34
32
36
36
37
29
29
29
18
16
31
32
29
31
33
32
34
37
37
32
34
32
35
33
32
36
34
36
37
31
36
34
32
33
31
31
34
30
25
34
31
37
35
35
34
32
33
36
34
33
36
36
35
34
33
34
36
35
36
32
28
29
28
30
35
34
34
33
35
34
34
33
36
22
22
19
35
32
34
36
35
36
31
30
26
32
35
33
37
34
35
27
30
37
33
36
36
36
32
35
36
32
29
30
30
31
31
30
28
32
35
35
36
36
36
34
34
36
35
35
35
36
34
34
34
33
33
33
30
28
27
30
34
36
33
30
33
30
35
33
36
35
35
36
37
35
35
32
34
34
20
20
26
27
27
32
33
29
33
36
32
30
31
31
31
20
16
31
27
32
35
33
38
27
35
31
30
33
29
32
30
34
34
35
33
36
36
38
33
34
36
33
34
35
35
34
32
31
30
31
32
36
28
30
34
36
34
34
32
33
38
35
34
33
30
32
33
32
32
30
33
31
35
33
36
33
34
34
31
30
38
35
20
16
29
30
34
32
33
36
32
35
35
30
27
30
24
19
28
34
31
30
27
28
29
32
37
32
31
36
35
34
34
32
33
33
34
31
35
35
32
32
34
33
36
31
34
31
32
34
35
33
34
27
30
29
36
35
33
32
33
32
33
30
30
31
33
32
34
35
31
34
35
31
29
34
31
34
34
35
34
29
32
32
28
18
17
28
27
30
33
34
33
33
36
35
32
27
24
27
19
16
31
37
34
35
34
35
30
34
34
35
35
36
32
33
32
30
34
30
30
32
34
34
32
38
37
35
33
30
35
33
36
34
36
35
33
30
33
30
33
35
37
31
35
34
28
27
33
31
34
31
34
35
36
27
28
32
30
34
28
35
35
33
35
34
20
30
27
28
30
34
30
32
28
30
26
29
29
29
19
17
31
34
32
37
34
34
35
35
34
36
38
27
31
31
34
34
34
35
32
33
34
35
33
32
37
30
28
28
29
29
30
34
30
33
32
37
34
34
36
33
34
36
32
34
32
33
33
36
32
32
34
35
29
34
31
36
20
14
30
35
37
35
34
32
33
30
30
24
29
29
24
15
32
31
37
28
33
33
34
29
36
34
34
32
30
30
29
33
33
32
33
29
35
34
35
32
36
32
32
32
34
29
35
33
28
32
32
36
37
33
31
32
36
33
35
29
34
31
33
35
34
31
32
36
31
31
32
31
28
34
36
34
32
34
33
27
28
34
32
19
19
31
30
31
31
29
32
33
33
34
34
25
29
28
18
17
33
36
32
36
35
33
33
30
28
32
33
35
34
33
34
26
26
33
30
29
31
33
32
32
32
32
31
29
29
31
34
33
37
34
34
