65, 62, 91, 286
58, 65, 96, 285
64, 61, 99, 285
63, 63, 100, 288
67, 65, 101, 287
68, 62, 101, 285
73, 65, 101, 283
74, 62, 101, 283
77, 63, 100, 282
80, 62, 101, 283
83, 64, 100, 282
86, 60, 100, 283
89, 62, 99, 282
91, 65, 98, 280
94, 60, 99, 280
97, 61, 98, 282
100, 62, 98, 280
102, 62, 98, 281
105, 66, 98, 277
107, 66, 97, 276
111, 69, 97, 274
113, 67, 97, 275
114, 68, 96, 276
119, 70, 97, 274
121, 75, 97, 272
123, 74, 96, 270
126, 76, 96, 270
129, 77, 96, 266
133, 77, 96, 262
134, 77, 96, 262
136, 78, 96, 262
139, 77, 96, 261
142, 80, 96, 259
144, 81, 96, 259
147, 74, 96, 262
148, 80, 95, 259
150, 77, 97, 261
152, 82, 98, 256
155, 84, 97, 254
156, 83, 95, 255
158, 84, 95, 254
160, 81, 94, 256
162, 79, 95, 253
164, 85, 93, 250
166, 85, 93, 249
166, 86, 92, 247
168, 84, 91, 246
172, 88, 91, 243
174, 87, 89, 243
173, 87, 89, 240
180, 88, 90, 243
180, 88, 90, 244
182, 89, 90, 247
183, 94, 89, 245
187, 89, 90, 248
188, 91, 90, 246
189, 92, 91, 245
191, 89, 92, 247
194, 91, 91, 249
194, 94, 91, 246
198, 92, 91, 247
198, 94, 91, 247
201, 93, 91, 247
202, 93, 90, 246
205, 93, 89, 245
208, 94, 87, 244
208, 90, 87, 242
211, 95, 85, 242
213, 92, 85, 241
214, 91, 84, 242
217, 91, 83, 242
217, 92, 82, 242
217, 91, 82, 242
219, 89, 82, 241
220, 90, 82, 239
222, 94, 82, 235
221, 95, 83, 237
223, 97, 84, 233
221, 93, 84, 234
222, 96, 84, 231
223, 94, 84, 232
225, 96, 83, 231
225, 97, 83, 230
224, 101, 84, 228
226, 104, 84, 226
228, 104, 83, 226
229, 102, 83, 226
229, 102, 83, 226
231, 105, 82, 225
233, 106, 81, 225
235, 95, 81, 224
237, 97, 81, 224
237, 97, 82, 225
236, 93, 82, 226
241, 89, 82, 227
242, 86, 81, 229
245, 86, 79, 230
245, 87, 79, 231
246, 83, 79, 231
246, 86, 79, 231
247, 87, 80, 231
248, 90, 81, 231
249, 86, 82, 229
251, 85, 82, 230
251, 88, 82, 233
251, 92, 82, 237
253, 84, 83, 239
253, 90, 82, 244
254, 85, 82, 244
255, 92, 81, 247
256, 90, 82, 246
255, 98, 81, 248
258, 90, 81, 251
256, 83, 81, 249
254, 73, 83, 243
255, 92, 82, 244
255, 94, 82, 243
257, 95, 81, 242
259, 90, 81, 238
258, 94, 80, 238
261, 88, 80, 234
261, 92, 80, 231
261, 97, 80, 232
264, 89, 80, 234
264, 87, 81, 231
263, 97, 81, 233
264, 87, 81, 233
265, 86, 81, 228
262, 93, 80, 229
262, 86, 80, 226
261, 86, 80, 222
261, 88, 80, 225
262, 83, 78, 223
260, 88, 78, 221
262, 89, 77, 215
262, 95, 76, 213
265, 91, 75, 209
266, 93, 75, 204
266, 91, 75, 203
269, 93, 75, 199
271, 90, 74, 200
272, 91, 73, 200
275, 90, 73, 198
276, 91, 73, 200
277, 91, 73, 199
278, 90, 72, 200
280, 91, 72, 199
281, 92, 72, 199
283, 94, 72, 197
285, 91, 72, 196
290, 92, 71, 195
291, 92, 72, 194
293, 93, 72, 191
293, 94, 72, 191
295, 92, 72, 188
296, 93, 71, 188
298, 91, 70, 189
297, 90, 70, 191
297, 93, 70, 190
297, 94, 71, 189
297, 92, 72, 188
297, 88, 72, 189
296, 91, 72, 189
296, 89, 72, 189
297, 87, 72, 188
298, 87, 72, 189
297, 88, 73, 189
300, 89, 71, 187
299, 87, 70, 186
300, 89, 70, 185
300, 90, 69, 183
301, 92, 68, 180
303, 94, 68, 179
304, 94, 68, 178
305, 96, 68, 177
306, 97, 67, 176
306, 96, 67, 174
306, 97, 66, 173
307, 97, 66, 171
309, 97, 65, 168
309, 97, 65, 167
309, 99, 64, 166
310, 99, 64, 164
310, 96, 64, 164
312, 98, 64, 164
312, 98, 63, 162
314, 97, 63, 163
314, 95, 63, 165
315, 95, 63, 166
316, 95, 63, 165
317, 93, 63, 166
317, 95, 62, 164
319, 97, 62, 163
320, 99, 61, 160
320, 98, 61, 159
322, 97, 60, 157
322, 98, 61, 154
323, 100, 60, 151
324, 102, 59, 149
324, 102, 59, 148
325, 102, 59, 147
325, 104, 58, 146
327, 105, 57, 145
326, 104, 57, 144
326, 102, 58, 145
328, 102, 58, 145
327, 102, 57, 145
329, 101, 57, 145
328, 102, 57, 146
328, 99, 58, 148
329, 99, 57, 147
330, 101, 57, 145
329, 100, 56, 146
329, 100, 56, 145
330, 99, 55, 146
331, 97, 55, 148
331, 99, 54, 148
331, 97, 54, 148
330, 100, 54, 146
330, 99, 55, 147
332, 99, 54, 147
331, 97, 54, 148
331, 98, 54, 147
331, 100, 54, 144
333, 99, 53, 144
332, 99, 53, 144
332, 101, 52, 144
333, 100, 52, 145
332, 99, 52, 143
333, 98, 52, 145
332, 99, 52, 144
333, 97, 51, 145
334, 98, 51, 145
334, 99, 51, 143
334, 98, 51, 143
334, 102, 50, 141
335, 99, 50, 140
335, 100, 50, 140
334, 99, 51, 140
334, 100, 51, 139
334, 99, 51, 139
335, 99, 51, 138
335, 101, 50, 137
335, 102, 50, 135
336, 101, 50, 134
335, 103, 50, 133
337, 104, 50, 131
337, 106, 50, 130
336, 107, 50, 128
336, 108, 50, 128
335, 106, 50, 129
335, 105, 50, 131
335, 105, 50, 131
336, 106, 49, 129
335, 107, 50, 128
335, 109, 50, 127
334, 111, 49, 125
336, 110, 49, 126
336, 110, 49, 127
335, 109, 49, 126
335, 110, 49, 124
336, 108, 49, 125
336, 108, 49, 124
336, 106, 48, 124
336, 109, 48, 121
336, 109, 48, 121
337, 109, 47, 120
337, 112, 47, 119
337, 108, 46, 120
337, 108, 46, 120
337, 109, 46, 120
338, 109, 45, 119
338, 108, 45, 119
339, 109, 45, 120
338, 107, 45, 120
338, 109, 45, 119
338, 108, 45, 119
339, 109, 45, 118
339, 109, 45, 119
339, 106, 44, 120
340, 106, 44, 119
341, 106, 44, 120
340, 107, 44, 119
339, 106, 44, 118
341, 107, 43, 117
341, 108, 43, 117
340, 107, 44, 116
340, 107, 44, 114
340, 109, 44, 113
341, 111, 43, 111
340, 111, 44, 109
342, 112, 43, 109
342, 113, 43, 109
342, 112, 43, 108
342, 111, 43, 108
342, 114, 42, 107
342, 112, 42, 107
343, 112, 42, 107
343, 111, 41, 107
344, 112, 41, 107
344, 112, 41, 107
344, 114, 41, 107
343, 114, 41, 107
342, 112, 42, 106
344, 113, 41, 104
344, 113, 41, 104
343, 114, 40, 104
344, 112, 40, 103
344, 113, 40, 104
343, 111, 40, 104
343, 113, 40, 103
344, 113, 39, 103
344, 112, 39, 102
344, 111, 39, 102
344, 112, 39, 102
343, 111, 39, 102
344, 110, 38, 102
343, 110, 38, 103
344, 109, 38, 104
343, 109, 38, 104
342, 107, 38, 105
342, 106, 38, 106
342, 107, 38, 105
342, 106, 38, 106
342, 108, 39, 106
342, 107, 39, 106
342, 108, 39, 105
342, 106, 39, 106
342, 108, 39, 105
342, 108, 39, 104
342, 108, 39, 103
342, 109, 39, 102
342, 108, 39, 102
342, 109, 39, 102
343, 109, 38, 101
342, 111, 39, 101
342, 110, 39, 101
343, 109, 39, 100
343, 110, 39, 100
342, 110, 39, 100
343, 110, 39, 100
342, 111, 39, 99
343, 111, 39, 98
342, 112, 39, 96
343, 113, 38, 95
342, 111, 38, 95
343, 112, 38, 95
345, 112, 37, 95
344, 113, 37, 94
345, 115, 37, 93
