24
35
35
32
31
32
36
37
32
28
30
32
33
34
32
33
29
28
32
34
35
34
32
34
33
34
32
35
32
29
35
33
31
32
32
20
17
28
33
35
35
35
33
29
30
26
25
26
24
25
19
18
23
25
25
24
24
25
27
27
28
29
23
24
26
26
24
27
27
31
30
35
33
32
34
29
29
34
31
35
32
31
32
28
29
31
32
35
36
30
32
31
31
27
31
29
34
34
34
33
33
33
30
33
34
36
34
31
34
35
29
32
30
28
30
32
28
32
35
30
18
24
29
35
33
33
33
34
35
34
33
27
27
21
32
32
34
34
34
32
28
35
31
35
35
26
32
32
33
36
34
36
35
35
34
35
35
30
32
34
33
35
34
33
31
31
31
32
27
35
33
35
36
35
36
35
33
34
30
36
36
32
36
36
31
28
33
30
29
34
33
36
33
30
22
30
29
35
33
35
33
34
32
30
30
28
32
21
25
26
31
31
31
34
34
31
31
33
35
35
36
34
34
35
31
33
36
27
34
32
35
31
36
31
33
35
33
35
32
35
35
32
36
36
33
31
31
32
34
34
32
37
28
29
30
30
33
29
31
35
35
34
35
35
35
34
33
34
36
22
22
34
31
30
28
30
32
30
27
32
30
29
29
20
20
29
35
36
35
33
35
35
32
28
30
28
30
28
35
34
34
33
37
29
33
33
33
34
35
37
28
34
34
33
32
28
27
26
29
28
30
31
34
34
34
36
35
33
35
35
33
30
37
35
25
25
26
29
33
28
27
27
33
33
33
33
34
32
31
30
