21
33
36
36
35
34
34
35
32
27
27
24
19
21
23
25
20
14
16
21
24
23
24
12
24
28
30
30
31
30
31
33
32
33
34
35
36
28
28
34
34
37
35
34
35
35
34
34
33
31
30
34
37
31
35
35
31
33
35
36
35
33
33
28
31
34
35
32
32
31
28
31
33
33
35
36
27
25
32
35
35
34
22
28
25
29
23
17
21
23
26
29
30
29
28
34
33
34
25
31
29
23
17
26
21
26
28
26
28
28
20
24
31
28
23
27
23
26
28
28
31
32
23
28
32
26
34
28
20
34
36
31
26
32
36
36
35
35
31
35
37
36
32
32
30
37
36
34
33
21
17
32
33
30
31
37
34
35
35
32
30
30
29
20
18
28
28
30
32
37
36
35
33
31
34
36
34
33
34
30
28
29
35
34
35
30
35
35
34
36
34
36
28
31
35
34
36
34
33
32
33
30
28
34
36
35
34
32
33
33
31
32
33
36
34
29
35
33
35
37
35
35
35
37
34
18
29
35
28
32
29
28
27
26
28
21
19
26
28
30
29
27
31
27
28
29
28
29
29
29
29
31
29
31
32
29
29
26
26
27
31
27
29
30
28
29
28
30
28
27
27
32
21
33
34
33
34
30
30
30
33
25
29
27
21
34
34
31
36
29
29
30
24
26
29
30
31
28
31
34
31
31
32
35
32
35
35
35
33
35
34
35
35
35
31
35
28
26
26
30
33
32
36
32
33
32
35
34
29
36
32
32
33
30
34
28
33
32
33
31
35
26
33
32
32
30
34
35
22
20
30
29
31
36
32
32
34
35
35
34
31
32
29
29
36
33
35
33
33
34
33
34
32
34
35
34
35
33
35
30
34
34
33
28
30
32
33
29
33
32
33
35
35
36
35
32
34
34
33
34
36
35
28
30
34
32
35
32
33
32
33
33
38
34
24
17
25
30
28
32
32
34
35
35
34
33
28
28
29
17
17
35
32
32
34
31
33
33
31
30
35
35
33
35
32
29
33
35
33
31
34
35
34
36
33
33
29
34
30
31
27
32
34
34
33
33
34
36
34
31
30
34
34
36
33
29
31
30
33
30
34
34
36
37
33
35
34
34
31
35
36
33
34
34
33
33
28
28
33
35
32
29
30
34
32
31
33
32
33
30
35
30
27
29
31
28
20
16
31
34
35
34
36
33
30
32
33
32
32
33
34
33
32
34
35
33
30
34
36
35
36
32
35
34
29
34
35
35
35
34
34
34
36
34
33
35
34
32
32
31
33
32
31
30
30
34
32
31
30
34
28
32
36
36
34
35
35
35
33
34
34
35
34
35
31
34
34
30
20
17
26
28
28
30
32
33
32
34
32
29
26
24
21
20
29
30
26
30
36
33
34
35
36
30
29
34
32
35
34
31
35
32
32
31
31
32
30
32
35
32
34
36
33
35
32
34
34
33
31
32
34
33
32
34
32
34
34
32
32
33
36
37
29
34
28
33
33
32
30
34
31
36
33
33
33
29
33
30
32
30
25
19
29
34
34
35
34
32
32
31
35
33
29
31
29
22
21
26
32
37
34
33
33
34
36
34
35
33
32
37
32
32
31
29
33
36
31
33
35
34
33
29
35
35
33
35
33
34
34
33
36
30
32
30
34
28
33
33
32
32
33
35
34
34
33
33
31
31
33
34
31
28
35
33
35
35
31
32
32
28
25
16
25
27
28
34
34
33
32
32
25
28
28
28
30
18
18
30
25
33
33
34
34
33
37
34
34
35
31
33
32
34
32
33
35
28
33
35
36
33
35
