21
32
33
34
33
30
27
22
29
34
34
28
28
26
26
24
27
25
26
27
32
32
28
26
29
30
30
35
34
35
28
35
30
36
34
32
29
35
29
31
30
27
30
30
29
31
31
35
32
29
34
34
37
34
34
35
36
33
35
35
36
35
35
30
32
31
32
30
27
28
28
32
29
30
28
30
21
18
28
28
32
36
36
34
33
33
34
33
36
32
29
30
30
28
20
20
24
26
26
29
29
31
30
29
34
35
35
32
34
32
35
36
36
35
35
31
34
36
31
31
31
32
31
33
31
27
27
31
29
36
35
36
37
36
36
34
35
34
32
34
31
32
32
31
34
29
35
30
33
36
33
34
37
34
18
18
32
33
31
32
29
35
32
28
29
27
19
21
31
35
36
34
31
35
34
33
29
30
37
33
33
32
34
36
36
34
33
35
31
32
32
29
32
33
36
32
30
28
29
28
30
34
29
37
36
33
35
33
33
35
20
25
27
33
36
36
29
29
23
23
30
36
35
36
