25
35
36
34
30
32
32
30
36
35
29
33
36
33
35
35
35
33
34
33
35
35
30
30
36
34
32
34
32
34
33
28
34
33
30
33
18
19
23
26
31
34
36
35
36
32
33
26
26
23
25
24
23
17
14
29
27
23
25
27
27
27
34
30
24
25
30
28
25
30
26
25
25
29
30
31
30
31
30
29
28
35
31
30
34
34
36
33
35
34
35
35
35
31
35
32
34
35
30
30
32
30
33
36
34
35
32
34
33
34
35
36
31
32
35
34
32
28
26
27
32
32
29
28
32
33
30
33
33
35
36
34
36
19
18
32
28
32
37
33
28
33
31
32
33
28
30
26
19
18
35
36
32
31
33
33
38
33
36
31
29
32
33
28
31
33
38
34
34
37
34
33
34
35
31
33
34
35
37
35
35
33
32
32
31
32
33
34
34
36
29
32
36
34
33
37
35
32
30
36
37
34
33
33
33
34
34
36
34
34
37
33
33
34
33
30
33
32
28
30
19
21
32
30
30
30
31
38
35
30
30
30
22
25
29
33
35
32
28
31
31
28
32
36
35
36
36
34
35
32
29
35
35
36
36
33
35
29
32
34
34
36
34
33
34
34
29
30
31
34
35
29
36
30
33
31
32
35
33
33
35
34
34
36
37
37
33
33
35
35
35
34
36
36
19
17
30
32
32
31
30
34
34
34
32
36
35
31
30
29
29
18
26
34
32
33
33
32
33
33
36
32
33
33
35
36
33
35
35
36
35
36
36
36
35
31
32
27
29
34
30
31
34
31
34
36
33
34
34
34
33
32
33
32
34
31
33
35
32
34
34
33
34
36
35
35
33
29
31
33
33
32
32
35
32
27
31
33
27
24
26
29
31
32
29
32
32
29
18
26
31
35
36
30
29
31
34
34
33
29
28
29
21
13
29
27
29
35
36
36
33
34
35
33
34
36
34
35
37
35
33
29
33
34
32
32
36
35
35
33
34
34
36
31
36
34
32
30
29
30
28
33
32
32
30
31
34
33
34
34
36
36
30
34
33
33
27
23
30
27
28
30
33
33
31
33
32
30
31
35
29
35
28
34
34
32
36
32
29
25
22
21
30
31
32
29
30
30
35
37
23
20
29
29
32
37
34
34
34
