22
32
31
33
33
31
27
28
26
17
15
22
27
26
25
27
27
26
25
26
27
28
26
23
23
24
24
24
22
27
32
28
28
27
28
30
28
28
30
28
27
28
26
29
25
28
31
28
31
27
25
28
26
29
26
25
30
28
29
31
30
35
30
28
30
27
33
34
30
32
32
29
29
20
18
28
28
27
29
32
31
29
25
25
26
21
13
22
26
32
28
26
27
27
27
27
25
27
26
28
33
28
30
30
30
31
29
28
28
29
28
31
29
30
28
23
25
26
27
28
27
28
27
28
28
25
26
26
25
29
19
16
29
24
33
30
30
30
32
35
27
27
33
34
33
34
35
37
35
33
33
32
30
27
28
31
30
28
32
30
31
26
27
30
32
34
33
28
34
28
28
29
33
32
30
29
30
31
33
32
33
32
31
29
32
31
29
29
32
33
31
30
28
31
29
34
31
27
28
31
28
30
33
32
36
31
20
15
29
30
29
34
23
32
27
19
23
26
24
26
27
18
17
25
33
37
35
34
35
34
34
32
31
30
30
26
28
30
33
31
27
27
36
35
31
31
34
36
36
32
35
37
36
31
31
34
36
33
36
34
36
35
34
31
34
34
33
28
30
32
28
29
26
28
32
31
30
31
31
30
31
37
32
33
34
33
36
37
35
35
33
20
16
29
30
29
29
32
32
35
30
30
32
27
29
29
26
20
17
30
27
28
30
30
32
34
32
31
28
30
32
29
27
33
35
36
32
33
29
33
34
36
32
34
32
35
35
34
36
32
30
29
29
33
32
29
30
32
34
33
35
32
37
35
37
33
36
37
34
29
34
34
32
32
32
31
32
31
34
30
33
34
34
33
35
34
34
35
31
34
37
33
36
32
31
32
18
15
28
29
34
32
33
36
36
34
35
35
28
27
27
19
20
27
32
29
31
33
29
32
33
34
35
29
31
33
36
32
33
32
32
33
33
30
35
34
31
31
32
29
30
33
33
34
33
32
33
30
30
35
36
33
28
29
32
34
32
34
29
32
30
31
32
34
34
33
33
33
37
33
36
31
37
35
33
33
33
33
37
31
29
35
36
34
23
21
18
28
30
35
35
35
35
34
32
31
31
30
28
31
30
21
14
25
29
34
34
32
31
33
32
33
32
32
32
32
30
35
31
33
34
30
34
35
35
35
35
35
32
35
35
27
32
34
33
35
31
32
31
30
33
29
29
35
34
34
34
35
36
35
36
35
32
35
33
34
31
32
28
31
35
36
31
31
34
33
32
34
32
35
33
28
32
31
35
29
19
16
31
34
30
34
31
31
34
34
35
31
31
28
27
30
30
19
16
27
35
34
35
33
33
29
32
31
30
31
29
36
35
36
35
34
35
35
34
34
27
34
32
35
36
29
34
31
33
31
29
28
32
33
30
32
32
36
33
35
32
32
35
33
35
36
34
33
33
33
26
29
32
31
33
35
36
34
35
34
34
36
36
34
36
37
31
29
32
29
30
33
32
33
31
32
34
33
19
15
25
28
33
33
33
36
36
32
32
32
33
28
26
29
27
19
26
28
29
26
34
28
33
31
36
33
34
34
29
31
34
32
32
31
34
35
33
33
32
28
29
31
31
35
34
35
35
35
34
34
36
34
32
35
33
31
34
31
27
31
31
31
31
32
33
34
33
31
33
34
34
35
36
36
35
34
37
35
35
33
28
35
32
32
31
30
31
29
32
31
34
35
35
33
34
19
17
30
34
34
32
31
32
30
29
32
30
32
28
28
29
26
19
17
33
29
28
34
34
35
35
31
31
31
34
30
31
36
34
34
34
35
29
33
33
33
33
31
35
32
31
33
36
37
33
