19
33
31
26
33
36
36
36
35
36
34
25
27
27
27
28
27
26
30
25
27
25
25
24
26
27
29
26
30
35
36
36
34
33
34
30
35
20
20
27
33
32
36
34
33
31
30
30
30
26
26
28
28
29
20
14
28
34
35
35
36
35
35
32
35
35
38
33
34
35
34
30
33
30
33
32
31
31
30
32
31
31
31
29
28
33
30
29
33
35
35
35
36
36
33
35
35
35
36
30
35
34
30
31
30
30
35
34
27
32
30
33
30
28
28
31
35
36
35
36
35
35
36
34
35
32
31
33
32
32
31
31
33
21
17
27
27
28
33
32
30
33
24
25
26
25
25
19
32
31
32
31
29
35
36
30
32
30
34
29
31
32
30
33
29
32
35
37
34
36
37
35
33
32
33
30
32
30
32
35
36
36
30
28
32
34
30
36
28
26
35
35
36
37
33
34
30
33
32
34
31
31
34
35
35
34
37
35
36
35
36
33
34
31
34
31
20
17
26
27
33
35
33
31
33
31
32
36
28
32
31
32
30
23
22
27
31
28
28
31
31
35
29
31
29
32
32
30
32
33
36
35
35
32
34
38
36
36
34
35
36
36
37
35
35
33
30
28
30
27
27
32
32
30
36
34
36
36
33
36
33
36
37
36
35
36
34
36
36
33
33
33
35
32
28
26
27
28
29
28
28
32
35
35
34
20
26
31
28
28
31
33
34
38
34
29
27
22
21
19
24
30
28
33
34
35
