23
34
32
35
36
33
32
29
29
28
29
31
27
31
35
30
31
35
35
35
36
34
35
35
34
33
31
30
29
19
17
26
25
25
29
29
29
28
29
25
23
26
26
27
28
26
30
31
31
28
29
29
29
26
35
29
29
26
29
27
30
29
32
32
34
39
31
36
34
37
36
35
37
33
37
37
35
33
35
31
30
31
29
28
29
29
34
27
33
37
36
29
31
34
20
16
30
32
30
30
31
35
30
29
28
29
30
28
24
23
32
29
34
37
35
32
36
33
29
32
29
28
29
32
28
32
34
35
36
34
36
29
33
35
36
35
34
33
36
26
31
33
32
33
31
29
30
35
28
33
31
30
36
30
35
35
36
32
35
35
36
37
31
33
34
32
31
33
33
32
34
20
27
28
32
34
36
33
34
37
36
27
31
22
21
31
33
36
33
30
30
29
30
31
29
32
35
32
37
36
30
36
34
32
32
32
35
32
33
33
32
36
37
33
30
33
33
33
29
32
34
37
37
35
36
37
35
35
35
36
30
33
32
33
33
30
36
34
34
28
29
31
29
32
31
32
37
37
36
35
33
37
24
19
25
27
29
33
32
32
37
34
35
30
27
27
18
20
36
35
35
32
33
33
29
31
35
37
37
35
37
36
31
36
35
36
38
30
29
31
34
33
32
35
32
34
35
34
37
35
36
35
21
31
34
35
36
36
33
34
34
30
27
21
16
28
34
36
35
33
34
36
36
33
34
34
32
28
31
31
31
31
31
32
34
34
35
35
30
35
36
35
32
36
34
35
