14
21
21
33
33
31
34
35
23
24
26
28
24
24
24
21
22
16
23
25
26
28
27
24
27
25
27
25
24
25
25
28
34
29
35
35
35
36
35
33
33
35
30
33
31
28
33
27
30
31
31
32
31
33
31
33
35
32
32
29
30
34
31
33
34
37
36
35
34
34
34
32
33
32
31
35
33
32
31
31
32
36
32
28
33
32
36
34
35
34
28
32
33
34
32
21
18
27
30
29
33
29
34
35
35
35
34
29
30
29
28
34
20
20
27
31
28
27
33
31
31
31
32
29
31
32
33
35
35
36
34
33
37
35
36
30
33
33
34
32
33
30
27
33
31
33
32
32
31
33
33
37
36
36
32
36
34
30
32
33
33
33
34
31
29
30
31
32
30
32
31
35
37
34
35
30
29
33
33
35
35
36
35
32
37
32
30
32
31
24
23
30
29
32
34
30
32
34
31
32
34
27
27
30
20
20
24
28
30
32
35
35
34
33
33
35
34
35
33
32
33
33
35
36
33
32
32
30
33
30
28
34
33
34
33
34
36
36
35
36
37
34
34
33
32
34
34
35
34
34
28
30
35
33
33
34
34
31
36
36
31
31
35
34
30
31
30
34
33
33
31
31
28
30
28
32
33
29
32
34
34
34
34
20
17
32
29
27
29
35
35
33
28
31
31
29
27
29
32
19
17
27
32
36
34
32
33
31
32
35
34
36
28
34
33
28
29
28
31
32
35
35
35
34
35
34
33
34
33
34
33
34
36
35
37
33
32
35
35
33
30
31
32
30
29
36
38
35
35
36
37
37
35
32
35
35
31
28
29
33
33
30
32
33
30
31
35
35
33
37
36
37
37
33
30
29
35
34
18
22
20
32
36
35
33
34
35
34
36
32
30
30
29
29
29
19
19
26
27
27
27
30
29
29
32
30
34
34
34
33
32
33
33
32
32
35
36
35
36
35
33
35
36
30
31
31
32
33
36
34
27
32
33
35
32
37
33
31
30
30
32
32
33
34
35
31
32
31
30
32
30
29
33
35
32
34
32
34
28
31
35
31
37
36
34
34
31
30
34
36
37
36
25
26
24
23
30
35
34
33
31
34
31
32
36
34
29
26
27
27
20
17
26
28
29
35
33
35
34
34
34
35
35
36
35
33
32
36
32
33
34
32
31
31
28
28
34
35
33
33
32
31
33
35
36
36
35
33
35
33
29
29
33
32
32
33
31
33
34
33
34
32
32
33
31
29
33
35
38
34
33
34
35
33
30
32
32
28
35
34
31
35
34
33
34
35
37
35
24
19
22
30
29
29
33
30
29
30
30
29
28
30
30
27
24
17
30
29
29
34
34
31
34
32
34
34
30
29
31
31
29
34
33
36
34
35
34
32
35
37
34
36
34
31
35
35
35
36
33
33
29
27
31
32
32
32
31
36
33
31
31
34
35
31
35
32
35
35
36
35
33
35
29
29
32
30
32
33
32
32
34
36
35
35
30
34
34
37
32
32
30
31
34
34
25
23
20
30
30
34
34
34
36
35
34
31
30
26
28
27
25
22
17
28
27
28
26
29
32
36
35
35
33
32
32
36
36
34
36
33
33
33
32
34
35
35
34
31
33
31
30
31
31
34
36
35
31
29
33
33
33
35
35
37
33
33
34
29
31
27
29
32
32
33
38
31
36
33
33
36
34
33
35
35
30
30
35
32
33
32
34
29
33
30
31
34
33
35
20
22
19
31
35
33
34
36
