21
34
33
33
34
33
32
35
31
26
24
27
28
27
29
27
27
27
25
25
26
27
25
26
28
18
15
24
31
27
25
25
27
27
26
24
26
20
21
31
29
21
19
30
32
30
34
34
31
36
34
30
29
35
27
33
35
30
34
32
31
30
31
31
29
32
33
33
29
31
33
35
34
35
31
34
34
34
34
35
32
29
27
30
30
27
26
22
24
26
28
25
25
26
28
28
30
35
33
31
35
29
25
28
30
32
30
29
28
30
33
28
35
29
31
26
34
21
18
29
32
31
27
33
33
30
35
34
28
27
28
28
21
20
27
31
28
29
36
30
33
31
36
31
30
36
32
35
35
29
35
37
33
27
37
32
33
32
35
34
28
27
28
29
31
32
32
34
33
37
31
35
35
35
35
35
33
33
31
36
34
35
35
32
32
29
30
30
35
27
29
34
36
33
33
34
28
36
35
29
30
28
32
29
26
30
24
21
18
27
27
29
32
27
29
31
27
32
29
30
28
26
20
21
27
35
33
32
35
35
34
34
32
32
32
31
32
33
33
32
31
27
29
31
21
26
27
36
32
32
35
33
36
34
34
33
35
34
31
34
33
34
27
23
33
32
32
31
30
31
