42, 195, 61, 102
42, 196, 60, 102
42, 195, 60, 102
41, 194, 60, 103
41, 193, 60, 104
41, 193, 60, 104
40, 192, 60, 105
39, 190, 60, 106
39, 189, 60, 107
38, 186, 60, 109
38, 183, 60, 111
38, 179, 60, 113
37, 173, 60, 114
37, 166, 60, 115
36, 161, 60, 117
38, 151, 60, 120
38, 144, 61, 122
40, 137, 61, 125
40, 129, 62, 127
42, 122, 64, 127
45, 111, 65, 130
45, 106, 66, 133
50, 101, 67, 133
52, 98, 69, 132
56, 90, 70, 132
60, 88, 71, 133
66, 82, 73, 133
74, 79, 73, 134
82, 71, 72, 136
86, 72, 72, 135
90, 68, 71, 136
95, 63, 71, 138
112, 59, 69, 140
125, 57, 68, 138
131, 52, 68, 137
143, 51, 68, 137
154, 50, 66, 139
164, 44, 67, 139
174, 44, 67, 138
182, 41, 68, 138
192, 40, 68, 137
203, 37, 69, 138
208, 38, 70, 138
215, 40, 70, 137
222, 36, 71, 138
229, 37, 72, 138
237, 39, 71, 140
244, 40, 70, 142
251, 41, 68, 143
257, 41, 67, 142
262, 43, 67, 140
266, 44, 67, 139
269, 45, 67, 137
273, 50, 66, 135
277, 52, 66, 134
281, 56, 65, 133
286, 59, 64, 133
291, 63, 63, 131
293, 68, 63, 130
296, 74, 63, 130
298, 79, 65, 129
302, 84, 65, 129
305, 88, 67, 129
309, 92, 68, 129
314, 94, 68, 130
319, 98, 67, 132
324, 103, 67, 134
329, 107, 67, 134
334, 112, 66, 134
339, 119, 65, 133
344, 126, 65, 133
349, 134, 65, 131
353, 141, 65, 129
358, 146, 65, 129
360, 152, 65, 129
362, 158, 66, 128
364, 164, 66, 129
365, 170, 66, 129
366, 176, 67, 127
367, 182, 67, 125
367, 186, 67, 123
367, 194, 67, 121
368, 198, 67, 118
366, 200, 67, 115
367, 204, 67, 112
366, 204, 66, 110
364, 204, 66, 108
364, 204, 65, 106
363, 202, 64, 106
364, 201, 63, 107
364, 198, 63, 107
364, 196, 63, 108
364, 192, 64, 109
366, 188, 64, 110
367, 183, 65, 112
369, 180, 65, 114
371, 175, 67, 115
371, 170, 67, 117
371, 164, 67, 120
372, 157, 68, 122
373, 149, 69, 125
371, 144, 71, 125
370, 141, 72, 125
369, 135, 73, 126
367, 130, 74, 128
364, 126, 74, 130
362, 122, 74, 130
353, 119, 74, 130
350, 117, 74, 130
347, 118, 73, 130
341, 116, 73, 130
332, 115, 73, 129
326, 115, 73, 129
319, 113, 73, 130
308, 111, 74, 132
303, 111, 73, 132
293, 110, 74, 136
289, 111, 73, 137
283, 112, 73, 138
273, 113, 74, 141
268, 116, 75, 141
264, 114, 75, 143
258, 113, 75, 145
253, 113, 75, 147
246, 115, 76, 150
242, 117, 77, 150
236, 119, 78, 150
233, 119, 78, 150
230, 123, 78, 151
227, 124, 78, 150
225, 126, 78, 150
223, 131, 78, 149
223, 131, 78, 150
223, 135, 77, 151
224, 136, 77, 153
225, 140, 76, 153
226, 145, 76, 151
229, 148, 76, 149
235, 153, 76, 146
239, 154, 76, 145
243, 157, 76, 143
249, 157, 76, 142
253, 159, 76, 141
261, 156, 75, 142
264, 154, 75, 142
272, 154, 75, 141
275, 152, 75, 140
281, 152, 75, 138
285, 153, 75, 137
289, 154, 75, 135
293, 154, 74, 134
297, 156, 74, 131
302, 159, 73, 128
306, 161, 72, 126
310, 163, 71, 124
314, 166, 70, 121
316, 171, 69, 119
319, 172, 69, 117
321, 174, 68, 114
324, 176, 70, 109
325, 178, 71, 105
325, 179, 72, 102
326, 179, 72, 100
329, 179, 72, 99
331, 179, 72, 98
335, 178, 71, 98
337, 178, 70, 98
342, 177, 69, 99
344, 174, 69, 100
345, 171, 70, 102
348, 169, 72, 104
351, 169, 74, 104
356, 168, 75, 106
361, 166, 74, 106
366, 167, 76, 107
370, 166, 77, 109
373, 164, 77, 111
377, 164, 75, 115
381, 162, 73, 117
386, 160, 73, 118
390, 158, 72, 118
395, 157, 71, 118
399, 154, 70, 117
402, 152, 70, 117
406, 151, 69, 116
410, 152, 69, 115
413, 149, 68, 114
417, 146, 68, 115
421, 145, 68, 115
425, 144, 67, 115
429, 142, 67, 115
432, 141, 67, 115
435, 141, 66, 115
438, 140, 65, 114
441, 138, 64, 114
443, 141, 63, 112
445, 141, 62, 112
448, 141, 60, 112
450, 144, 58, 111
452, 145, 58, 109
453, 146, 58, 107
456, 145, 57, 106
458, 146, 57, 105
459, 143, 57, 106
460, 137, 56, 108
461, 132, 56, 109
462, 128, 56, 110
462, 122, 56, 110
461, 118, 56, 109
460, 113, 57, 109
457, 109, 58, 109
453, 102, 58, 110
449, 94, 58, 112
444, 85, 59, 115
439, 78, 58, 118
432, 75, 59, 120
425, 68, 61, 123
409, 61, 64, 124
396, 55, 67, 125
388, 50, 68, 126
372, 44, 68, 127
355, 40, 67, 127
340, 36, 68, 126
325, 38, 69, 124
308, 38, 70, 122
292, 36, 68, 124
275, 33, 68, 127
259, 32, 67, 130
243, 32, 66, 133
225, 29, 65, 135
214, 22, 63, 142
197, 20, 62, 149
183, 16, 61, 156
167, 13, 62, 160
153, 14, 62, 159
127, 0, 70, 149
126, 13, 70, 144
112, 13, 70, 141
98, 14, 70, 139
87, 16, 72, 136
85, 22, 70, 135
74, 21, 71, 135
63, 25, 72, 135
59, 30, 71, 136
55, 35, 70, 138
44, 36, 72, 141
44, 47, 72, 145
41, 51, 71, 146
38, 55, 72, 145
35, 60, 71, 147
30, 68, 71, 147
28, 75, 71, 146
25, 79, 70, 144
23, 85, 68, 142
22, 89, 67, 141
21, 90, 65, 142
20, 94, 63, 144
18, 96, 62, 146
17, 102, 61, 148
15, 108, 60, 147
14, 114, 60, 144
14, 130, 60, 140
14, 133, 60, 137
13, 134, 60, 136
15, 138, 59, 134
16, 141, 58, 132
18, 144, 58, 130
20, 147, 58, 130
22, 151, 57, 129
24, 155, 57, 129
25, 161, 57, 129
27, 165, 57, 130
29, 170, 57, 131
31, 175, 56, 131
32, 182, 58, 124
35, 186, 57, 123
38, 189, 57, 122
39, 193, 57, 119
40, 195, 58, 116
42, 197, 59, 114
44, 197, 59, 114
46, 198, 59, 114
46, 199, 59, 114
47, 199, 59, 115
48, 201, 61, 113
49, 203, 62, 111
49, 204, 64, 110
48, 204, 64, 110
49, 204, 65, 110
49, 205, 65, 109
50, 205, 65, 108
51, 206, 64, 107
51, 206, 64, 107
53, 205, 63, 106
55, 218, 63, 107
56, 224, 67, 101
58, 233, 67, 98
58, 235, 68, 96
58, 235, 68, 95
61, 239, 67, 95
61, 240, 67, 95
62, 241, 66, 94
62, 244, 65, 93
65, 244, 65, 93
64, 244, 66, 92
65, 248, 66, 91
64, 248, 66, 90
65, 250, 66, 90
65, 252, 65, 90
66, 254, 63, 89
66, 256, 62, 88
68, 260, 60, 87
68, 262, 59, 85
69, 264, 58, 84
70, 267, 58, 82
69, 270, 58, 81
71, 271, 58, 80
71, 273, 58, 79
72, 272, 59, 79
73, 273, 59, 78
74, 273, 60, 78
74, 275, 60, 77
69, 274, 60, 77
73, 268, 60, 76
75, 272, 60, 75
72, 275, 60, 75
48, 205, 64, 74
51, 206, 66, 74
45, 204, 68, 74
40, 205, 70, 73
34, 204, 71, 73
30, 203, 72, 73
28, 203, 73, 73
32, 203, 74, 73
29, 203, 75, 73
32, 203, 76, 73
37, 205, 76, 73
42, 205, 76, 74
39, 204, 77, 74
43, 205, 77, 75
39, 205, 77, 75
43, 203, 77, 76
39, 204, 78, 77
43, 202, 78, 78
39, 203, 79, 77
38, 202, 79, 77
36, 203, 80, 77
42, 202, 79, 78
38, 202, 80, 78
37, 202, 80, 78
36, 202, 80, 78
41, 203, 80, 78
37, 203, 80, 78
36, 202, 80, 78
35, 202, 80, 78
35, 203, 79, 77
39, 204, 79, 77
37, 204, 79, 77
36, 203, 79, 77
36, 203, 79, 77
39, 204, 79, 77
36, 204, 79, 77
40, 203, 78, 78
37, 202, 78, 78
35, 202, 78, 78
39, 203, 79, 78
36, 204, 79, 79
34, 200, 79, 79
33, 204, 78, 80
29, 203, 77, 81
32, 202, 76, 82
47, 234, 75, 84
49, 236, 74, 87
50, 227, 72, 89
52, 214, 67, 98
53, 207, 66, 101
54, 201, 66, 103
55, 194, 65, 105
56, 184, 64, 109
57, 172, 64, 110
57, 164, 64, 111
58, 159, 65, 113
61, 150, 65, 116
61, 146, 66, 119
64, 136, 66, 123
67, 130, 67, 124
69, 125, 69, 125
73, 118, 69, 126
77, 111, 70, 126
83, 107, 70, 126
89, 104, 70, 127
93, 101, 70, 127
99, 95, 71, 128
115, 97, 70, 130
124, 94, 70, 132
132, 95, 70, 134
147, 94, 67, 135
158, 95, 65, 135
170, 98, 64, 131
184, 96, 62, 129
198, 95, 61, 126
213, 93, 61, 125
224, 95, 61, 126
237, 97, 61, 129
250, 104, 61, 132
259, 106, 62, 133
269, 110, 63, 134
278, 114, 63, 132
283, 120, 64, 131
291, 128, 65, 128
293, 132, 67, 126
293, 138, 68, 125
296, 144, 68, 126
300, 149, 67, 127
301, 156, 67, 127
302, 158, 67, 126
300, 164, 67, 125
299, 167, 68, 123
296, 171, 68, 120
294, 175, 68, 117
290, 179, 68, 115
289, 181, 67, 114
286, 183, 67, 113
280, 182, 69, 109
275, 184, 70, 106
275, 187, 70, 103
272, 186, 70, 102
272, 190, 67, 106
271, 188, 65, 108
269, 189, 63, 109
268, 190, 62, 109
267, 191, 61, 110
266, 193, 60, 110
265, 194, 60, 109
264, 195, 59, 108
263, 198, 59, 106
262, 200, 59, 103
260, 203, 59, 101
257, 204, 60, 96
255, 207, 61, 92
255, 210, 61, 88
252, 211, 62, 86
252, 214, 61, 83
250, 215, 61, 82
248, 218, 62, 79
247, 219, 62, 78
247, 220, 61, 76
247, 222, 61, 75
247, 223, 60, 74
245, 225, 60, 73
243, 224, 60, 73
242, 223, 60, 72
242, 221, 59, 72
240, 221, 59, 72
240, 215, 58, 74
240, 210, 57, 77
245, 203, 55, 83
243, 192, 54, 90
243, 182, 53, 96
244, 171, 53, 101
244, 160, 52, 105
244, 151, 52, 110
244, 143, 54, 112
245, 133, 55, 114
246, 128, 57, 115
249, 121, 59, 117
253, 114, 59, 119
254, 110, 59, 122
259, 108, 59, 125
261, 105, 60, 127
266, 104, 61, 127
269, 103, 62, 126
273, 102, 64, 127
276, 102, 66, 127
282, 101, 66, 129
288, 104, 67, 131
290, 104, 68, 134
293, 106, 69, 137
293, 109, 71, 142
294, 114, 73, 145
292, 120, 75, 148
290, 125, 77, 151
287, 134, 78, 154
283, 144, 80, 156
278, 149, 79, 160
269, 157, 80, 163
264, 174, 81, 163
254, 186, 82, 161
244, 194, 82, 156
232, 204, 82, 156
224, 210, 81, 152
217, 224, 81, 151
209, 227, 81, 148
205, 228, 80, 144
202, 226, 78, 142
180, 223, 85, 133
184, 210, 82, 138
186, 198, 81, 142
187, 194, 79, 143
189, 187, 79, 143
191, 180, 78, 145
192, 167, 78, 145
196, 160, 77, 146
200, 154, 76, 146
204, 150, 76, 146
217, 144, 74, 150
220, 140, 76, 149
230, 135, 76, 150
234, 133, 77, 150
243, 134, 78, 150
255, 135, 77, 151
263, 137, 78, 151
274, 137, 79, 152
280, 139, 80, 153
293, 139, 84, 152
299, 141, 84, 153
314, 144, 84, 154
331, 148, 83, 154
348, 155, 83, 152
361, 156, 84, 149
370, 159, 83, 147
383, 158, 82, 144
395, 160, 82, 142
407, 160, 80, 140
417, 162, 79, 139
421, 162, 78, 138
427, 156, 78, 137
431, 152, 76, 138
432, 147, 76, 138
432, 143, 76, 138
430, 141, 76, 135
426, 137, 76, 131
421, 134, 77, 130
406, 131, 77, 130
393, 126, 76, 132
378, 125, 77, 132
365, 123, 79, 134
344, 122, 85, 131
311, 121, 89, 131
288, 117, 85, 137
257, 107, 90, 134
230, 109, 94, 132
204, 122, 91, 139
169, 117, 94, 136
133, 122, 95, 136
107, 124, 98, 139
83, 128, 102, 138
49, 127, 106, 142
28, 126, 108, 145
6, 127, 110, 147
-5, 120, 102, 154
-6, 115, 92, 163
-6, 105, 83, 170
-3, 100, 75, 176
0, 94, 71, 179
0, 87, 68, 181
1, 70, 68, 179
4, 57, 70, 178
17, 57, 72, 176
20, 42, 77, 170
33, 33, 79, 168
50, 33, 80, 164
67, 32, 80, 163
82, 32, 78, 161
86, 22, 79, 155
98, 18, 86, 145
114, 16, 91, 138
142, 35, 84, 145
158, 22, 78, 154
170, 17, 76, 154
184, 14, 75, 154
209, 17, 75, 154
214, 21, 74, 155
230, 21, 73, 152
237, 23, 73, 152
249, 27, 73, 153
260, 27, 72, 153
270, 32, 72, 151
278, 38, 71, 150
285, 42, 69, 150
291, 51, 68, 150
293, 58, 67, 148
295, 70, 67, 149
295, 79, 67, 149
294, 90, 67, 149
293, 100, 68, 150
292, 109, 68, 150
291, 120, 69, 148
290, 128, 69, 148
287, 137, 69, 148
284, 142, 70, 147
283, 147, 70, 147
282, 152, 70, 149
284, 165, 71, 148
281, 169, 71, 146
282, 174, 70, 146
283, 186, 71, 142
286, 188, 71, 138
287, 192, 71, 134
288, 196, 72, 130
290, 198, 72, 127
293, 198, 72, 125
296, 195, 72, 125
298, 192, 73, 124
300, 189, 73, 125
301, 186, 74, 125
304, 182, 74, 125
306, 180, 74, 125
309, 178, 74, 124
311, 176, 74, 125
313, 174, 75, 126
314, 177, 75, 128
312, 176, 76, 131
311, 176, 77, 133
310, 178, 77, 136
307, 179, 78, 138
303, 181, 79, 142
298, 181, 81, 146
292, 182, 82, 150
284, 183, 84, 150
277, 185, 85, 149
268, 187, 84, 150
258, 190, 85, 148
247, 191, 86, 147
236, 193, 87, 146
220, 194, 88, 145
213, 196, 87, 148
203, 196, 87, 150
195, 195, 87, 151
181, 190, 86, 152
177, 197, 85, 151
162, 197, 86, 149
158, 195, 85, 149
152, 203, 85, 147
145, 207, 85, 146
141, 211, 85, 146
140, 215, 84, 146
140, 220, 82, 149
139, 224, 81, 150
140, 226, 80, 151
143, 232, 79, 152
144, 237, 78, 150
146, 244, 77, 149
148, 246, 78, 147
149, 248, 79, 145
151, 252, 80, 143
152, 256, 81, 141
155, 255, 83, 140
160, 256, 83, 140
163, 254, 82, 140
166, 254, 82, 140
177, 256, 79, 138
178, 255, 79, 138
181, 256, 79, 137
182, 256, 80, 135
192, 257, 79, 133
186, 258, 83, 129
199, 255, 81, 132
208, 255, 81, 134
210, 253, 82, 135
219, 252, 81, 137
229, 250, 79, 140
240, 249, 79, 141
251, 247, 79, 142
261, 247, 79, 142
273, 246, 80, 142
286, 247, 81, 141
298, 247, 82, 140
310, 248, 83, 138
323, 253, 86, 133
338, 252, 87, 130
353, 252, 89, 129
365, 252, 90, 129
379, 248, 91, 128
392, 243, 91, 125
403, 243, 90, 123
417, 242, 92, 122
427, 238, 92, 121
435, 231, 90, 120
448, 231, 91, 119
453, 224, 90, 120
458, 220, 90, 119
465, 219, 90, 120
475, 216, 91, 120
475, 207, 91, 121
474, 197, 92, 123
468, 184, 87, 129
458, 176, 88, 129
460, 156, 84, 138
453, 144, 83, 142
444, 127, 84, 143
427, 117, 86, 144
412, 94, 87, 151
397, 72, 89, 157
375, 64, 90, 162
356, 52, 90, 166
336, 31, 90, 169
307, 32, 98, 161
291, 30, 96, 162
268, 29, 92, 165
249, 24, 90, 168
229, 24, 89, 169
210, 25, 90, 169
190, 29, 91, 170
170, 37, 91, 174
154, 49, 91, 176
143, 52, 91, 180
134, 56, 91, 185
127, 63, 90, 190
126, 74, 87, 198
124, 87, 86, 200
127, 102, 87, 200
127, 116, 87, 198
130, 127, 87, 195
136, 138, 87, 192
149, 148, 86, 189
155, 166, 88, 180
168, 171, 89, 170
180, 177, 87, 162
190, 183, 87, 155
194, 189, 87, 151
208, 194, 85, 149
210, 206, 89, 139
231, 203, 85, 138
243, 205, 84, 136
257, 203, 82, 136
270, 201, 80, 136
282, 204, 80, 136
290, 205, 82, 130
300, 206, 85, 127
307, 204, 87, 125
317, 204, 87, 124
325, 203, 86, 124
331, 200, 82, 129
339, 198, 79, 131
343, 193, 78, 136
345, 188, 78, 137
345, 186, 78, 137
344, 183, 78, 137
341, 181, 78, 136
339, 178, 77, 135
334, 175, 77, 133
328, 177, 77, 131
320, 174, 78, 128
314, 175, 77, 127
303, 173, 76, 125
299, 170, 75, 125
292, 166, 74, 125
286, 162, 73, 126
281, 158, 71, 128
274, 151, 70, 129
269, 148, 69, 129
266, 145, 67, 129
260, 139, 66, 132
255, 131, 65, 134
250, 129, 65, 137
239, 121, 66, 138
240, 117, 63, 146
229, 105, 66, 145
225, 101, 67, 143
218, 95, 68, 143
210, 93, 69, 141
204, 95, 69, 141
194, 91, 69, 138
184, 89, 68, 138
179, 86, 67, 140
171, 83, 67, 140
155, 86, 70, 140
149, 85, 70, 141
140, 83, 72, 143
130, 87, 73, 148
113, 91, 77, 150
107, 96, 78, 150
92, 99, 79, 150
86, 105, 79, 151
70, 107, 82, 151
66, 114, 82, 151
59, 117, 82, 151
51, 120, 82, 149
41, 125, 82, 147
32, 129, 83, 145
25, 134, 82, 142
21, 139, 81, 140
17, 143, 78, 138
14, 148, 76, 138
12, 153, 74, 138
12, 166, 74, 137
12, 170, 74, 137
13, 175, 74, 134
18, 180, 73, 130
17, 193, 78, 120
22, 197, 76, 118
27, 201, 74, 116
31, 204, 72, 115
35, 203, 71, 115
38, 206, 71, 115
40, 204, 71, 116
43, 204, 70, 116
44, 204, 70, 115
45, 204, 70, 114
46, 205, 69, 113
48, 203, 69, 114
48, 205, 68, 115
50, 204, 67, 115
50, 205, 67, 115
49, 206, 67, 115
50, 206, 66, 115
49, 207, 66, 115
48, 208, 66, 114
48, 209, 67, 114
46, 213, 68, 113
45, 213, 68, 114
45, 214, 68, 115
43, 216, 68, 115
42, 225, 67, 115
41, 223, 66, 115
39, 222, 65, 115
38, 220, 64, 114
37, 220, 63, 113
35, 220, 62, 111
34, 220, 61, 109
32, 220, 61, 108
31, 222, 61, 106
30, 224, 61, 104
28, 224, 61, 102
26, 225, 60, 100
24, 227, 60, 99
22, 225, 60, 98
21, 227, 59, 97
20, 226, 59, 97
18, 226, 59, 97
16, 225, 59, 96
15, 224, 59, 96
13, 227, 59, 95
12, 227, 59, 95
10, 229, 59, 95
9, 230, 59, 96
6, 231, 60, 96
6, 233, 61, 97
3, 235, 62, 96
1, 237, 64, 97
1, 239, 65, 97
1, 239, 66, 98
0, 241, 67, 99
0, 246, 67, 101
0, 247, 67, 101
0, 248, 68, 102
0, 249, 68, 102
1, 251, 69, 101
0, 251, 69, 100
1, 253, 70, 100
10, 251, 66, 105
4, 254, 68, 103
12, 254, 66, 107
13, 253, 65, 108
13, 254, 65, 110
13, 254, 65, 110
19, 256, 64, 111
16, 256, 65, 112
15, 258, 65, 112
15, 259, 65, 111
10, 261, 69, 108
9, 264, 71, 106
19, 266, 69, 109
17, 267, 68, 109
18, 267, 67, 109
14, 264, 70, 105
12, 267, 73, 104
12, 272, 74, 102
11, 275, 76, 100
11, 276, 78, 100
12, 277, 79, 100
11, 279, 80, 101
13, 279, 81, 101
13, 279, 83, 102
28, 276, 79, 107
30, 272, 76, 110
28, 272, 78, 110
41, 278, 75, 113
42, 275, 73, 117
43, 271, 72, 120
45, 270, 72, 122
55, 271, 72, 125
54, 272, 72, 125
55, 262, 72, 128
64, 263, 73, 129
63, 262, 73, 130
61, 255, 74, 131
63, 257, 75, 132
74, 255, 75, 134
73, 254, 75, 136
72, 244, 77, 138
81, 245, 78, 140
81, 244, 80, 141
85, 236, 84, 134
94, 241, 89, 130
99, 237, 93, 125
98, 237, 95, 124
100, 239, 94, 124
109, 240, 94, 125
116, 243, 94, 125
121, 240, 93, 132
129, 242, 93, 131
133, 241, 94, 131
141, 240, 94, 130
149, 238, 95, 129
152, 235, 91, 135
155, 233, 90, 140
172, 228, 88, 142
166, 223, 91, 135
165, 226, 93, 129
164, 226, 94, 127
166, 224, 95, 125
167, 221, 96, 123
182, 219, 95, 123
198, 215, 90, 129
202, 210, 86, 132
206, 209, 84, 133
210, 209, 84, 133
223, 204, 83, 134
232, 200, 81, 135
233, 197, 81, 134
234, 196, 82, 135
244, 196, 81, 137
246, 198, 81, 137
249, 196, 80, 136
252, 195, 80, 136
254, 194, 80, 136
256, 194, 80, 136
258, 193, 80, 136
259, 194, 80, 135
260, 189, 79, 134
261, 190, 78, 133
264, 192, 77, 131
265, 190, 77, 131
265, 190, 77, 130
265, 188, 77, 129
260, 186, 80, 123
258, 186, 83, 118
256, 186, 84, 114
258, 187, 84, 114
257, 185, 84, 115
258, 183, 85, 116
260, 180, 84, 119
255, 174, 85, 119
254, 167, 86, 116
254, 168, 86, 116
253, 162, 88, 113
252, 153, 89, 110
253, 155, 89, 109
250, 145, 90, 107
259, 146, 89, 108
257, 147, 89, 108
264, 138, 88, 108
263, 139, 88, 108
269, 132, 88, 107
268, 132, 88, 107
275, 135, 88, 107
274, 136, 87, 106
312, 191, 81, 110
315, 187, 78, 112
319, 191, 76, 113
323, 188, 74, 113
325, 184, 73, 114
327, 183, 72, 115
328, 181, 72, 115
332, 179, 71, 116
333, 178, 71, 116
334, 181, 70, 116
335, 178, 69, 116
335, 175, 69, 117
335, 174, 69, 117
334, 170, 70, 118
334, 168, 70, 119
334, 165, 70, 119
334, 162, 70, 120
333, 159, 70, 120
333, 159, 70, 119
333, 158, 71, 119
333, 157, 71, 118
332, 155, 71, 118
331, 154, 70, 118
332, 154, 70, 117
330, 153, 70, 117
332, 152, 69, 116
330, 151, 69, 115
331, 150, 69, 114
329, 148, 68, 114
329, 147, 68, 113
329, 151, 68, 112
329, 150, 67, 111
330, 146, 67, 111
329, 151, 66, 110
330, 149, 65, 108
329, 148, 64, 107
330, 152, 64, 106
332, 151, 63, 105
334, 151, 61, 106
336, 149, 59, 107
336, 149, 58, 107
338, 148, 57, 107
300, 96, 64, 100
301, 97, 69, 95
298, 104, 73, 92
296, 100, 77, 90
297, 108, 79, 88
297, 116, 81, 89
297, 122, 82, 90
299, 129, 82, 93
299, 129, 83, 93
301, 136, 82, 96
300, 138, 84, 97
299, 144, 86, 96
302, 151, 85, 99
301, 155, 84, 103
308, 160, 78, 117
312, 157, 75, 126
314, 157, 75, 131
316, 160, 74, 134
320, 163, 75, 135
322, 167, 77, 135
326, 168, 77, 135
328, 172, 79, 136
334, 170, 84, 133
337, 169, 86, 131
347, 168, 90, 129
349, 168, 93, 129
359, 167, 98, 129
361, 167, 102, 131
370, 168, 106, 131
384, 160, 109, 129
397, 163, 110, 128
412, 156, 111, 125
414, 160, 112, 126
418, 153, 111, 127
435, 144, 109, 127
449, 138, 107, 123
452, 141, 105, 123
464, 137, 102, 118
474, 131, 100, 113
470, 132, 96, 111
465, 131, 94, 111
459, 130, 92, 111
453, 131, 92, 111
450, 127, 93, 109
435, 125, 94, 110
410, 131, 98, 111
408, 122, 99, 111
404, 115, 100, 110
388, 118, 100, 110
382, 121, 100, 111
363, 138, 101, 117
353, 129, 101, 122
338, 135, 100, 125
319, 130, 94, 130
321, 121, 92, 134
312, 128, 87, 137
314, 119, 85, 139
303, 127, 80, 143
305, 119, 77, 146
296, 131, 77, 143
296, 129, 76, 139
297, 128, 75, 136
298, 138, 75, 133
301, 138, 75, 131
303, 145, 74, 128
305, 151, 74, 125
306, 157, 77, 119
307, 161, 79, 114
306, 165, 81, 110
305, 169, 82, 109
304, 173, 83, 108
301, 178, 84, 107
298, 181, 85, 108
293, 185, 87, 108
289, 190, 87, 110
294, 139, 92, 109
288, 140, 95, 106
278, 153, 95, 108
272, 154, 96, 108
265, 168, 96, 111
261, 177, 94, 118
257, 170, 90, 128
254, 164, 87, 137
250, 156, 85, 144
247, 146, 83, 151
246, 137, 82, 155
244, 127, 81, 158
243, 117, 81, 163
245, 109, 79, 171
246, 103, 79, 177
249, 96, 79, 181
245, 83, 82, 179
243, 73, 85, 179
243, 65, 87, 174
245, 65, 90, 175
248, 53, 91, 176
250, 54, 92, 174
238, 42, 99, 161
238, 46, 102, 153
237, 48, 104, 148
225, 42, 106, 143
225, 47, 107, 141
224, 42, 108, 138
224, 51, 108, 137
209, 47, 108, 134
208, 61, 107, 135
203, 53, 107, 132
191, 65, 105, 130
192, 66, 103, 130
191, 70, 102, 129
182, 71, 99, 128
182, 73, 96, 128
172, 72, 93, 127
174, 70, 87, 131
175, 67, 82, 136
178, 79, 76, 142
174, 66, 74, 142
173, 69, 71, 147
173, 72, 69, 150
167, 63, 70, 147
155, 56, 72, 141
156, 59, 75, 138
157, 59, 75, 137
157, 58, 75, 136
166, 61, 74, 135
155, 52, 75, 132
157, 54, 75, 130
158, 55, 75, 129
161, 55, 75, 128
163, 55, 75, 127
164, 55, 75, 127
165, 54, 74, 126
165, 54, 74, 126
156, 54, 73, 127
158, 55, 72, 127
158, 57, 72, 127
159, 58, 71, 127
160, 58, 71, 127
183, 86, 68, 129
183, 89, 65, 131
183, 91, 63, 131
184, 94, 61, 131
182, 87, 60, 131
182, 90, 59, 130
180, 92, 58, 130
180, 93, 57, 129
179, 93, 56, 128
177, 92, 56, 128
178, 112, 55, 129
179, 110, 53, 129
177, 107, 53, 129
175, 116, 52, 128
175, 114, 51, 128
173, 112, 51, 126
172, 111, 51, 125
169, 99, 51, 126
140, 72, 61, 114
133, 76, 68, 107
131, 78, 72, 102
136, 83, 73, 100
134, 85, 75, 99
129, 79, 77, 96
129, 81, 77, 95
135, 85, 76, 96
133, 84, 76, 98
132, 84, 77, 99
130, 82, 78, 101
130, 80, 78, 102
131, 79, 78, 103
131, 77, 78, 104
132, 76, 78, 105
133, 75, 78, 107
134, 74, 78, 108
134, 74, 78, 109
136, 75, 79, 109
136, 74, 78, 109
138, 74, 78, 110
141, 75, 77, 110
142, 76, 76, 112
145, 77, 74, 118
149, 74, 73, 123
150, 72, 73, 127
153, 71, 73, 128
156, 71, 72, 129
160, 68, 71, 130
162, 65, 71, 130
163, 64, 72, 129
166, 62, 71, 129
166, 61, 72, 129
168, 60, 72, 129
171, 59, 71, 128
173, 58, 71, 127
176, 58, 71, 126
178, 55, 70, 126
179, 54, 69, 126
181, 55, 69, 125
182, 54, 68, 125
183, 54, 68, 124
185, 53, 68, 124
186, 52, 67, 124
187, 51, 67, 124
186, 51, 67, 124
187, 50, 66, 123
186, 50, 66, 122
188, 50, 65, 122
189, 51, 65, 121
189, 49, 64, 120
190, 47, 64, 120
192, 48, 64, 119
194, 47, 63, 119
196, 46, 63, 118
198, 46, 63, 118
200, 46, 62, 118
202, 48, 62, 117
206, 48, 61, 117
208, 48, 60, 117
213, 51, 57, 120
213, 49, 57, 117
215, 49, 57, 116
216, 49, 56, 114
216, 50, 56, 114
216, 51, 56, 113
217, 50, 56, 112
218, 51, 56, 111
219, 49, 56, 112
220, 50, 56, 111
220, 49, 56, 111
221, 49, 56, 111
220, 49, 56, 111
221, 48, 56, 110
221, 49, 57, 110
221, 49, 57, 110
222, 49, 57, 110
221, 49, 57, 110
222, 49, 57, 110
221, 50, 57, 111
221, 49, 56, 112
220, 49, 56, 112
220, 49, 55, 113
219, 50, 55, 113
218, 50, 55, 113
218, 50, 55, 112
216, 50, 54, 111
215, 51, 54, 110
214, 51, 54, 110
215, 52, 54, 109
215, 52, 53, 109
215, 52, 53, 108
215, 51, 53, 108
216, 51, 53, 108
216, 49, 53, 108
216, 49, 53, 108
218, 49, 53, 108
217, 49, 54, 108
218, 47, 54, 108
218, 48, 54, 108
221, 47, 55, 108
220, 46, 56, 109
222, 47, 57, 111
221, 46, 58, 112
223, 45, 59, 113
224, 44, 60, 114
225, 45, 60, 115
227, 44, 60, 116
228, 44, 60, 117
229, 42, 60, 119
231, 41, 61, 120
232, 40, 61, 122
233, 40, 62, 123
235, 40, 63, 124
237, 42, 63, 125
238, 43, 63, 127
240, 44, 64, 129
241, 45, 64, 132
243, 47, 64, 134
246, 48, 65, 136
248, 49, 66, 137
251, 51, 66, 137
255, 52, 67, 138
259, 55, 67, 139
263, 57, 68, 139
267, 61, 69, 138
272, 67, 69, 139
276, 71, 70, 140
281, 77, 70, 140
287, 87, 70, 140
291, 93, 71, 143
293, 97, 74, 144
296, 102, 76, 146
299, 108, 77, 146
304, 114, 77, 145
308, 125, 77, 144
310, 129, 78, 143
313, 134, 78, 143
315, 138, 78, 142
317, 142, 78, 142
320, 146, 78, 140
320, 151, 78, 138
322, 155, 77, 136
321, 158, 77, 135
320, 161, 77, 134
320, 164, 77, 133
319, 168, 77, 131
317, 170, 77, 130
317, 174, 77, 128
315, 177, 76, 128
314, 179, 76, 128
313, 182, 75, 128
312, 183, 74, 128
313, 187, 73, 126
314, 190, 73, 124
313, 194, 72, 124
316, 197, 71, 124
317, 199, 72, 124
318, 203, 72, 124
320, 205, 73, 124
323, 208, 73, 125
325, 210, 73, 126
328, 212, 73, 126
332, 213, 73, 126
335, 215, 73, 127
337, 215, 74, 127
339, 218, 74, 127
342, 218, 74, 126
344, 219, 75, 127
347, 219, 75, 126
349, 223, 77, 127
350, 221, 77, 128
349, 220, 78, 129
349, 218, 78, 130
349, 218, 79, 131
349, 219, 79, 131
347, 220, 80, 131
346, 220, 80, 131
