21
25
24
24
25
25
25
24
26
30
27
24
24
26
25
25
25
26
34
35
34
32
21
21
23
25
29
35
32
29
31
22
23
22
25
24
24
22
31
27
23
22
20
18
25
30
33
35
34
35
34
34
32
31
35
34
33
32
33
26
26
25
34
32
33
29
33
35
34
33
34
34
32
34
35
32
32
35
35
34
32
33
35
34
36
34
35
35
34
33
34
29
31
30
25
27
28
22
35
33
35
30
35
33
32
35
34
29
27
29
25
32
33
35
34
36
33
35
30
35
36
32
35
33
33
33
32
29
26
27
26
29
32
32
31
33
34
29
30
34
33
34
34
35
33
33
32
29
28
36
28
25
16
28
34
34
32
29
32
26
29
29
29
22
28
34
33
28
31
31
27
32
32
35
33
33
33
30
33
35
33
33
34
36
35
34
26
25
26
30
28
28
33
30
35
26
30
30
34
34
30
32
34
20
22
30
31
34
34
35
29
28
27
21
23
31
34
36
30
34
33
33
33
34
32
34
33
30
33
31
33
34
35
34
32
28
28
30
26
27
29
31
31
34
33
33
33
33
28
33
34
32
34
29
22
22
25
27
29
28
28
32
30
30
23
22
25
33
28
31
30
28
33
28
26
28
26
28
26
30
35
34
31
33
31
30
28
29
33
30
36
32
33
27
31
29
29
29
30
28
32
29
33
33
33
32
33
30
29
35
32
32
35
33
29
30
30
33
30
26
28
29
21
20
28
33
35
34
30
34
32
31
29
26
29
20
18
28
28
28
29
28
29
30
31
32
33
31
34
34
34
33
32
29
30
34
33
30
26
27
26
31
31
32
34
29
37
31
32
32
33
34
34
34
36
35
31
26
26
27
28
33
32
32
21
21
29
34
35
36
31
29
30
28
29
22
20
28
30
29
29
30
34
30
28
29
31
29
31
34
35
31
33
35
33
29
28
28
31
29
28
30
31
35
36
34
36
34
35
34
33
30
27
27
30
28
32
34
34
35
32
31
32
35
31
36
34
34
22
19
33
33
31
26
28
27
27
28
25
28
19
30
25
35
34
29
30
30
33
28
31
34
31
30
28
30
29
31
27
35
34
33
32
29
30
32
33
31
36
34
36
32
32
29
34
29
31
35
31
33
34
35
35
31
32
30
35
25
33
33
33
28
33
30
30
32
37
33
33
29
31
19
31
32
33
34
31
35
34
29
27
30
30
31
32
30
31
29
33
32
33
34
34
28
30
28
30
29
26
30
28
32
28
33
34
30
33
32
33
33
36
34
34
33
33
30
29
27
30
27
31
29
34
23
34
31
25
29
30
28
31
32
34
34
28
25
24
24
30
35
35
33
34
33
32
32
31
27
28
31
29
32
35
27
32
35
33
33
31
33
31
34
31
33
31
31
34
34
35
32
34
33
34
32
35
32
33
30
29
29
