23
33
29
31
32
31
32
32
33
34
31
32
29
34
33
32
29
31
32
30
31
34
33
36
28
32
33
35
33
32
33
32
35
32
33
32
30
18
19
28
28
29
27
32
32
27
27
31
34
34
29
31
26
30
19
21
23
32
29
30
33
31
31
30
31
30
31
30
33
31
35
29
31
32
27
32
33
34
34
36
34
29
34
31
34
32
33
33
29
36
31
34
28
30
33
30
32
30
31
29
27
31
33
31
34
26
31
33
33
32
34
27
36
34
34
34
35
35
28
25
27
26
26
26
26
27
25
27
26
24
18
18
26
26
28
29
29
29
25
28
26
28
24
28
27
20
19
28
28
29
32
31
32
31
26
29
33
33
34
37
32
37
35
33
35
37
32
35
33
31
30
31
29
29
35
35
35
34
33
34
34
35
30
32
32
32
34
33
33
31
33
33
32
32
32
31
35
36
35
35
35
35
37
33
35
35
35
34
34
33
32
32
32
26
27
31
36
35
36
35
21
19
28
29
33
33
32
33
35
35
31
33
28
27
28
27
19
19
29
29
30
32
31
32
32
31
34
35
35
34
35
30
32
32
33
35
36
36
35
36
37
31
29
34
35
27
33
30
32
33
36
30
33
34
29
28
32
31
32
29
30
35
33
35
34
35
34
33
29
29
34
35
32
30
27
30
30
28
28
31
32
31
32
32
34
35
35
36
34
34
32
32
34
19
20
27
28
31
30
28
29
29
29
31
31
27
28
30
21
20
28
27
33
33
35
37
34
34
34
28
28
31
32
30
30
34
32
32
34
34
36
34
32
33
29
33
35
32
35
34
36
33
34
36
32
32
35
27
25
25
26
28
26
33
35
35
30
31
31
31
34
35
34
31
34
34
33
33
35
32
32
33
31
32
35
32
33
34
18
18
29
28
28
33
31
34
32
32
35
36
35
26
20
18
25
25
28
30
28
29
26
27
32
36
31
34
33
32
31
30
32
35
32
33
