21
33
25
22
26
26
25
24
25
29
29
27
29
26
25
32
32
32
30
34
31
29
30
30
29
32
29
28
32
32
30
36
32
21
22
29
27
29
36
34
33
33
30
28
21
32
30
33
35
35
28
35
35
31
35
32
37
35
36
29
28
29
29
31
28
27
30
34
32
27
32
29
32
33
32
33
28
28
34
28
29
29
33
30
34
30
34
33
28
31
35
19
27
29
32
35
34
32
28
30
31
26
25
28
24
22
28
31
32
29
30
32
32
31
35
32
28
32
33
31
33
34
34
34
32
35
33
32
25
27
30
28
27
29
32
31
27
34
32
29
34
31
32
31
30
32
33
32
28
30
28
19
27
31
35
35
35
28
30
22
19
32
34
35
31
34
30
27
29
32
30
34
31
33
26
28
32
28
33
32
32
28
28
29
23
25
29
32
26
28
29
30
30
33
37
32
34
35
33
33
23
25
24
29
25
30
34
33
20
16
29
33
34
36
35
34
35
29
27
24
26
30
36
34
30
36
33
31
34
34
32
32
35
35
34
36
32
35
29
33
31
31
29
29
32
34
30
28
32
27
31
34
32
32
32
27
32
28
30
29
28
33
35
36
33
31
28
30
31
30
34
33
29
22
29
33
35
31
27
31
30
30
28
29
31
22
24
28
30
35
34
33
29
30
30
30
34
29
29
22
21
25
19
24
24
23
27
29
27
26
31
32
31
29
32
27
32
29
30
29
29
28
25
34
26
27
24
30
28
32
32
28
36
32
32
32
35
33
29
24
20
29
29
31
35
32
26
31
25
25
28
23
32
32
34
37
