382, 54, 95, 310
367, 59, 99, 308
334, 66, 101, 304
295, 73, 103, 300
250, 82, 102, 300
217, 85, 102, 299
187, 93, 102, 303
171, 105, 103, 308
168, 119, 102, 314
170, 133, 100, 315
171, 137, 101, 319
178, 135, 103, 322
206, 130, 104, 319
238, 123, 105, 320
267, 120, 105, 321
290, 108, 107, 325
309, 98, 108, 326
334, 102, 110, 322
355, 98, 112, 323
366, 101, 113, 324
376, 100, 114, 327
386, 94, 112, 328
393, 93, 109, 327
392, 91, 107, 326
389, 91, 106, 325
387, 85, 105, 326
384, 81, 106, 330
378, 84, 108, 334
372, 93, 110, 336
368, 102, 112, 345
364, 111, 112, 346
356, 117, 115, 343
348, 101, 117, 346
356, 104, 120, 350
383, 103, 124, 353
415, 105, 125, 356
473, 104, 126, 360
506, 103, 126, 369
495, 98, 130, 370
466, 106, 133, 368
441, 93, 133, 367
413, 101, 132, 366
391, 101, 133, 367
385, 100, 132, 373
377, 109, 130, 380
356, 124, 131, 373
354, 128, 130, 366
355, 130, 128, 363
361, 134, 128, 360
386, 112, 127, 362
420, 102, 129, 364
461, 99, 129, 365
464, 109, 127, 366
461, 99, 126, 380
458, 71, 126, 387
463, 30, 128, 394
431, 16, 135, 378
377, 27, 138, 365
363, 41, 137, 365
357, 43, 131, 377
357, 61, 129, 371
334, 72, 131, 365
323, 82, 129, 361
322, 84, 125, 354
303, 92, 124, 349
275, 86, 123, 347
240, 77, 118, 345
219, 73, 115, 339
232, 68, 117, 342
261, 46, 116, 342
276, 47, 114, 339
268, 51, 114, 337
265, 59, 113, 336
280, 68, 114, 331
284, 74, 113, 328
269, 76, 116, 328
250, 80, 118, 325
251, 84, 118, 320
261, 87, 117, 320
264, 94, 114, 315
267, 88, 111, 313
262, 79, 111, 311
257, 75, 113, 309
235, 73, 113, 312
214, 81, 113, 308
218, 76, 112, 308
220, 56, 111, 309
213, 57, 112, 310
212, 67, 112, 307
241, 71, 113, 302
277, 102, 111, 296
284, 113, 109, 291
261, 115, 108, 288
235, 119, 108, 287
213, 132, 104, 287
208, 135, 101, 295
204, 143, 98, 298
228, 149, 99, 292
272, 151, 104, 282
294, 143, 102, 280
303, 132, 100, 281
315, 113, 99, 287
317, 76, 98, 292
295, 46, 99, 286
253, 29, 100, 281
211, 16, 100, 273
162, 37, 98, 271
146, 58, 96, 275
191, 47, 96, 267
233, 62, 95, 264
243, 86, 95, 269
242, 96, 95, 266
257, 88, 94, 267
259, 96, 95, 269
251, 91, 94, 267
223, 109, 92, 267
228, 98, 93, 268
279, 102, 92, 266
312, 119, 93, 268
310, 119, 92, 271
311, 120, 95, 272
331, 115, 95, 275
332, 112, 95, 277
303, 123, 95, 276
277, 118, 98, 273
300, 112, 97, 274
328, 118, 99, 277
323, 125, 98, 277
301, 134, 100, 277
294, 135, 100, 274
273, 120, 99, 277
233, 123, 99, 282
207, 134, 98, 282
184, 143, 98, 281
165, 148, 98, 278
172, 146, 97, 280
200, 128, 97, 279
232, 129, 96, 280
263, 129, 95, 280
291, 124, 95, 281
319, 121, 95, 285
329, 105, 95, 286
313, 98, 96, 285
288, 77, 95, 279
243, 78, 95, 274
196, 66, 94, 270
161, 77, 93, 271
143, 86, 90, 275
151, 94, 89, 273
174, 95, 88, 270
195, 102, 88, 268
218, 106, 88, 265
240, 112, 88, 263
249, 120, 88, 262
247, 124, 90, 259
246, 126, 88, 257
244, 126, 91, 257
265, 121, 91, 258
296, 120, 93, 250
324, 114, 95, 253
331, 113, 98, 252
337, 110, 96, 251
330, 99, 99, 246
306, 95, 99, 245
283, 82, 95, 246
239, 89, 92, 248
206, 92, 90, 252
202, 98, 92, 255
217, 103, 92, 259
213, 110, 93, 265
210, 117, 95, 264
219, 124, 95, 262
206, 129, 96, 260
183, 124, 95, 259
154, 123, 98, 259
151, 125, 100, 259
160, 122, 100, 258
189, 120, 99, 256
219, 115, 98, 258
231, 116, 98, 257
239, 123, 98, 257
251, 122, 98, 257
262, 122, 96, 257
243, 118, 96, 256
221, 123, 96, 256
213, 125, 95, 263
212, 138, 95, 261
239, 131, 95, 249
287, 141, 93, 244
298, 149, 90, 248
308, 141, 89, 250
325, 141, 87, 247
309, 124, 86, 245
250, 108, 87, 235
207, 108, 85, 240
190, 115, 85, 239
174, 120, 84, 250
192, 132, 85, 250
235, 140, 84, 247
278, 146, 83, 246
289, 152, 82, 247
311, 152, 82, 246
343, 159, 82, 246
355, 166, 82, 244
343, 172, 82, 243
325, 168, 83, 240
303, 158, 83, 238
268, 157, 84, 241
245, 147, 84, 242
246, 140, 83, 246
287, 126, 82, 245
334, 117, 82, 244
368, 123, 83, 242
395, 129, 84, 243
439, 133, 83, 243
468, 139, 83, 246
474, 135, 80, 246
472, 127, 79, 246
453, 122, 80, 244
417, 107, 81, 240
378, 111, 82, 236
333, 126, 84, 234
280, 116, 83, 236
261, 129, 82, 239
242, 133, 82, 249
238, 140, 83, 253
259, 146, 87, 253
286, 139, 88, 254
307, 141, 90, 255
304, 135, 90, 258
284, 131, 91, 259
255, 126, 93, 261
211, 114, 94, 258
150, 107, 94, 251
107, 116, 95, 256
86, 117, 94, 255
87, 116, 92, 262
95, 117, 93, 265
127, 110, 94, 267
156, 122, 95, 266
180, 119, 95, 268
211, 117, 96, 270
242, 116, 95, 270
264, 112, 94, 268
274, 109, 93, 272
283, 107, 91, 271
277, 97, 91, 273
240, 94, 91, 273
215, 88, 91, 274
190, 91, 91, 274
159, 97, 91, 274
146, 94, 87, 279
154, 107, 87, 277
183, 114, 88, 278
216, 119, 89, 275
242, 128, 90, 275
264, 135, 89, 274
269, 140, 87, 271
273, 139, 86, 271
266, 145, 88, 270
241, 133, 89, 276
227, 130, 89, 276
231, 131, 91, 273
261, 122, 93, 273
270, 116, 95, 273
246, 118, 95, 273
229, 117, 95, 273
231, 113, 94, 272
227, 125, 94, 276
178, 132, 96, 282
126, 127, 96, 284
105, 128, 97, 282
97, 135, 97, 284
74, 141, 97, 284
78, 143, 97, 284
105, 132, 97, 288
135, 124, 96, 293
169, 120, 94, 293
182, 115, 93, 295
203, 101, 93, 298
205, 99, 91, 297
187, 92, 93, 296
158, 86, 94, 296
128, 86, 92, 299
129, 93, 93, 302
148, 102, 94, 303
194, 90, 96, 298
223, 111, 98, 296
235, 107, 96, 304
236, 114, 98, 306
265, 115, 99, 307
268, 116, 100, 310
243, 117, 98, 316
246, 122, 100, 319
295, 119, 102, 322
322, 117, 101, 321
325, 113, 98, 323
335, 106, 99, 332
337, 100, 99, 331
288, 82, 100, 328
213, 88, 102, 328
166, 95, 103, 331
146, 105, 104, 333
121, 114, 104, 335
94, 122, 106, 335
92, 134, 102, 335
91, 137, 102, 333
108, 125, 108, 331
142, 113, 110, 337
177, 130, 109, 334
204, 130, 109, 329
229, 134, 108, 323
252, 124, 104, 325
251, 116, 102, 322
226, 109, 104, 317
196, 107, 105, 315
169, 107, 105, 313
164, 116, 102, 308
171, 116, 102, 307
199, 114, 103, 307
232, 119, 102, 305
258, 120, 103, 305
282, 124, 103, 303
295, 131, 100, 297
298, 132, 98, 292
300, 123, 98, 289
298, 121, 97, 281
294, 114, 98, 281
300, 106, 100, 280
331, 98, 102, 279
354, 98, 99, 279
329, 97, 100, 277
326, 98, 94, 277
