21
28
29
27
30
32
29
30
23
25
23
25
23
23
26
26
24
25
27
28
26
31
19
18
28
26
30
28
26
31
31
27
30
24
26
24
17
23
25
29
30
32
30
32
32
29
32
31
27
27
31
31
30
31
30
27
28
26
29
30
30
28
30
30
32
30
32
32
33
32
33
33
31
29
27
28
27
31
30
30
28
27
28
28
28
27
29
31
33
31
34
32
28
30
29
30
19
20
24
25
23
23
33
30
32
31
31
27
30
28
17
27
28
23
22
26
26
25
27
28
29
28
27
26
30
29
31
32
31
35
31
33
33
32
33
30
27
32
30
27
31
28
28
27
26
26
28
29
33
30
32
32
34
32
34
29
26
27
25
29
27
28
30
28
27
30
28
28
29
30
31
29
32
21
19
25
31
33
32
30
28
29
31
29
27
24
28
21
19
25
24
29
24
24
29
32
33
31
31
31
30
32
30
34
33
32
34
22
30
29
33
27
21
25
23
26
25
26
25
27
31
30
35
29
31
28
34
34
32
33
32
33
32
30
31
28
21
25
24
28
29
32
29
33
32
31
31
31
30
33
31
33
33
31
19
23
29
30
26
30
26
29
28
27
26
26
26
29
19
21
27
33
34
32
32
31
32
24
27
33
28
27
30
30
24
26
27
28
25
20
27
24
26
28
31
31
27
28
27
24
25
27
30
26
27
28
28
29
30
31
30
30
30
30
30
28
29
30
30
28
30
25
26
29
26
30
32
31
33
30
26
27
22
