19
28
33
32
32
33
34
30
28
25
22
26
26
28
28
26
25
24
23
24
23
25
24
23
24
31
35
34
33
34
30
31
34
34
35
34
31
34
33
35
36
36
28
30
30
34
33
29
32
31
31
30
29
32
32
30
34
32
29
34
37
34
34
32
32
33
34
28
36
36
34
34
29
30
26
27
30
31
32
31
34
29
33
21
16
30
28
31
30
36
33
36
33
33
33
35
30
29
29
27
26
18
15
25
24
28
30
29
28
28
31
36
34
36
35
34
35
36
35
31
35
35
36
34
36
30
27
28
27
30
29
33
28
29
33
30
27
30
33
27
28
24
27
34
33
35
37
20
21
27
30
33
26
23
33
35
29
33
33
33
34
37
36
33
34
31
31
32
31
30
29
31
31
34
32
33
25
26
35
33
38
36
33
29
31
31
33
31
34
30
30
31
28
31
36
32
31
32
32
18
15
27
32
32
26
29
31
37
29
29
22
18
29
36
31
32
28
31
29
25
34
28
28
32
30
30
30
35
35
36
31
32
30
32
32
34
32
26
30
31
33
34
32
32
32
33
28
28
28
31
33
32
26
30
29
32
33
32
26
28
35
35
23
21
32
27
31
30
36
30
32
29
33
33
30
35
35
32
30
35
34
33
36
27
27
28
28
25
27
32
36
36
37
32
33
35
34
35
35
32
31
28
29
29
33
32
34
33
34
34
20
22
32
29
32
33
34
33
29
28
27
29
19
28
30
33
32
34
36
37
35
34
35
35
36
35
36
36
33
29
28
30
35
35
36
31
34
33
34
34
36
34
35
35
33
35
31
35
32
34
30
32
28
31
28
30
33
36
33
36
33
37
34
37
21
20
30
29
27
28
35
35
34
27
18
22
36
34
35
36
32
33
34
29
29
32
28
31
34
35
35
30
35
33
35
34
37
35
34
29
34
29
28
29
29
29
37
35
37
35
32
34
36
35
35
36
31
35
37
33
35
34
28
27
28
30
32
27
18
26
25
30
33
31
29
31
27
30
26
21
21
24
31
35
35
35
35
31
34
31
31
33
33
38
34
31
33
32
33
35
34
34
33
32
36
31
34
36
34
36
34
35
34
36
35
30
29
32
33
29
29
31
34
37
35
34
29
36
33
27
34
36
29
20
29
35
30
33
35
27
30
29
20
17
31
36
35
28
32
30
28
29
30
34
34
36
35
32
36
28
37
29
30
34
36
36
36
34
29
30
27
31
36
35
34
28
34
35
36
36
36
35
36
34
29
30
32
30
32
36
18
17
29
35
35
28
35
35
28
31
29
22
18
31
29
28
32
36
35
36
36
34
30
36
29
30
32
29
34
30
35
36
32
32
36
36
30
35
35
33
35
33
34
35
32
35
34
28
30
33
31
35
33
34
35
36
35
34
18
30
35
35
32
31
31
31
27
22
22
27
35
35
35
33
36
31
35
34
30
32
33
31
27
30
30
34
31
34
35
34
36
34
34
34
36
36
34
29
38
36
37
36
36
31
29
26
28
28
27
32
35
34
31
30
28
29
33
32
32
35
36
37
32
30
31
17
25
34
35
33
31
21
30
32
35
36
36
32
32
31
29
34
31
33
33
31
30
35
35
32
33
33
36
34
37
35
28
26
30
30
30
31
35
34
36
35
35
31
34
30
36
36
32
35
28
32
29
30
30
33
36
37
32
31
34
16
34
36
35
32
28
27
34
31
27
31
35
37
35
36
34
33
35
35
36
35
36
36
35
30
34
33
36
29
32
31
31
30
35
34
33
33
33
34
37
32
36
29
28
30
37
35
31
33
30
34
30
33
30
37
34
31
32
35
36
34
34
34
27
25
17
23
30
29
30
36
36
35
31
30
29
19
32
35
35
36
31
28
35
34
29
30
27
27
32
27
28
32
32
35
35
35
32
33
34
33
28
31
31
27
30
28
26
25
31
29
29
29
23
28
26
32
34
29
29
31
30
27
28
28
29
19
16
28
30
34
31
33
32
33
30
26
29
25
21
19
20
27
30
28
32
29
30
29
33
35
33
32
30
34
29
35
35
32
29
29
28
27
29
28
33
33
