22
38
34
32
36
34
28
32
26
30
24
29
29
28
21
24
25
27
26
25
26
28
23
23
30
28
29
26
30
28
27
29
29
28
20
18
28
31
29
31
29
34
36
37
36
34
28
31
29
26
14
22
27
26
25
25
29
23
24
26
27
27
27
25
27
27
30
23
28
26
25
27
32
28
28
27
31
35
34
33
36
33
34
35
35
33
31
31
34
35
31
34
31
32
31
31
30
31
33
30
34
36
33
32
32
32
31
35
35
33
33
34
35
33
30
29
32
35
30
32
33
35
36
32
32
26
21
25
29
29
29
31
32
35
35
34
33
34
32
27
30
30
29
17
20
27
28
30
31
32
32
32
36
36
36
35
35
34
35
34
34
33
35
35
34
33
35
33
34
37
34
29
32
32
35
32
33
33
32
35
32
31
31
33
34
32
30
31
36
35
37
33
35
35
33
34
33
33
33
34
37
33
33
29
31
32
35
34
21
20
27
33
30
29
33
36
26
30
36
32
34
28
30
25
18
25
28
30
30
33
31
36
34
36
38
34
36
28
36
38
35
32
29
29
30
31
33
31
35
37
36
33
34
35
36
32
37
32
35
36
34
36
35
32
37
37
36
36
36
37
36
36
34
29
34
33
31
32
32
29
35
34
36
34
33
34
32
29
31
29
28
33
37
34
32
36
37
36
35
32
34
32
21
20
23
32
31
34
31
30
29
33
34
34
31
27
29
29
21
19
29
31
34
33
34
35
32
28
32
30
30
31
34
33
34
33
36
35
37
37
34
34
35
35
35
31
37
34
35
34
33
32
32
34
37
36
34
34
30
30
37
35
36
36
38
36
33
34
27
32
29
33
32
31
30
29
32
33
32
34
31
37
37
36
34
36
35
29
35
35
36
36
34
33
31
29
22
22
31
32
32
31
30
34
35
35
35
31
32
33
24
19
26
26
30
32
32
33
34
33
36
32
34
34
38
36
35
37
34
35
31
34
32
38
30
29
30
33
32
30
33
28
34
33
33
36
34
33
34
33
33
35
33
35
34
35
35
35
31
32
31
28
28
34
31
33
35
35
35
35
34
35
33
30
32
34
35
37
33
36
31
32
32
30
29
32
33
34
34
35
36
26
20
27
29
30
34
34
32
35
35
35
30
30
31
30
29
35
20
27
30
29
30
36
32
29
34
30
31
35
33
35
33
29
33
31
31
30
32
33
31
31
34
32
33
37
34
35
33
35
33
32
35
36
38
33
29
32
31
37
34
37
35
36
35
35
34
37
34
32
34
30
34
36
37
34
34
34
