21
36
36
36
34
33
30
30
35
31
35
34
35
33
33
36
37
35
36
33
36
32
34
35
32
36
34
33
33
32
29
30
30
33
31
31
32
30
33
35
35
36
34
34
33
34
35
33
34
34
34
23
17
27
28
30
31
32
32
31
30
30
26
23
25
18
16
23
25
27
30
27
27
27
27
26
26
27
29
28
29
28
27
25
25
24
28
27
29
26
23
27
34
34
34
36
34
34
35
33
33
33
34
34
35
29
34
31
32
36
37
34
32
32
33
30
31
32
33
37
31
36
31
33
35
35
30
34
36
31
37
32
35
35
33
34
31
28
30
33
31
31
32
32
21
23
28
34
29
34
33
28
36
32
34
35
19
25
27
19
34
37
37
33
36
37
36
36
33
29
32
35
33
34
29
31
33
31
33
35
33
35
37
33
36
33
33
34
34
36
33
34
32
36
35
34
29
32
31
33
31
35
30
30
32
30
34
32
36
36
36
35
34
32
33
34
35
34
35
31
33
33
31
32
31
34
34
34
34
32
36
31
21
19
26
30
35
31
31
32
33
32
30
33
28
30
29
20
18
29
29
32
35
32
34
30
31
35
30
31
33
34
35
35
35
35
32
34
30
35
34
30
33
31
34
34
36
36
35
30
30
31
30
29
32
36
28
36
34
33
36
31
35
34
36
31
36
37
35
36
36
35
35
30
32
33
31
29
34
33
36
34
30
28
34
32
35
34
33
30
34
35
19
19
28
29
31
29
33
34
36
39
30
34
28
31
31
18
24
28
32
30
32
32
33
33
35
35
33
35
35
36
35
34
36
37
33
33
35
35
36
36
35
33
28
34
33
37
33
35
36
34
35
34
32
31
32
35
36
29
36
34
35
36
30
33
32
34
32
31
32
30
35
37
33
36
38
34
35
36
35
34
35
35
35
36
31
33
31
34
33
34
18
18
29
36
35
35
36
30
33
35
35
33
30
28
30
26
21
22
27
27
33
30
34
36
35
32
33
35
32
33
37
34
37
30
30
32
32
32
33
31
34
36
33
34
33
37
34
36
36
33
34
32
30
31
37
32
37
35
33
34
33
31
27
29
29
33
37
36
33
35
35
35
35
34
35
34
35
32
34
35
33
32
29
32
29
31
30
33
36
37
32
33
22
18
30
28
29
35
32
35
35
31
33
35
30
27
29
32
20
18
28
33
34
33
34
34
37
28
34
36
34
34
37
32
33
32
29
33
33
34
36
33
34
36
36
36
37
35
36
36
30
34
35
35
34
33
32
27
32
32
31
31
32
34
32
33
33
32
34
36
36
31
34
33
33
34
37
37
34
34
32
31
33
32
34
33
28
29
33
35
32
36
35
36
33
36
20
20
29
33
35
34
35
34
37
35
35
35
37
36
29
28
27
19
19
27
37
33
35
33
29
31
29
28
33
32
32
34
33
35
36
35
37
36
35
34
33
33
36
36
34
29
31
34
34
31
30
31
33
33
35
33
30
34
36
37
36
34
34
38
33
32
33
35
34
33
34
33
32
29
35
32
35
37
35
36
33
33
33
35
35
37
33
33
34
33
34
32
22
28
33
36
33
32
28
22
19
29
34
33
31
35
33
33
33
35
33
33
36
35
33
36
35
33
34
33
36
32
32
35
30
33
34
31
33
30
31
33
34
34
36
35
34
32
32
31
33
34
28
30
28
36
38
35
33
37
37
22
35
35
36
32
34
33
35
32
33
32
33
31
31
31
30
33
28
30
31
29
19
18
27
28
32
34
36
30
30
33
27
27
24
20
15
26
27
34
35
34
34
37
29
30
34
32
37
34
36
37
31
34
34
31
30
33
33
30
35
31
34
37
35
34
36
33
35
34
30
31
35
24
31
32
32
33
33
36
36
37
34
35
34
36
34
29
25
28
33
27
34
30
28
28
28
26
34
36
36
35
35
36
33
23
28
18
18
27
31
35
32
30
28
29
33
31
30
30
29
25
22
19
31
31
33
35
37
35
35
31
31
34
36
37
36
33
30
32
34
34
33
35
31
28
31
28
20
24
27
28
28
30
33
31
32
33
31
35
33
33
30
32
37
35
35
31
36
34
36
31
36
36
32
29
30
28
32
31
29
34
36
36
32
32
34
28
35
37
34
34
34
31
33
22
