20
26
28
28
26
27
21
20
15
25
28
28
26
25
26
26
27
24
24
23
23
18
15
28
27
26
26
27
28
29
26
25
24
24
30
35
35
35
33
32
35
33
33
33
32
33
31
31
33
34
33
37
34
34
32
30
32
33
35
33
32
32
28
31
27
30
35
31
28
33
33
32
33
32
32
31
32
29
33
30
31
30
31
32
34
29
28
34
32
33
33
30
28
34
34
33
36
32
23
10
22
33
30
32
32
31
33
32
35
35
31
30
30
22
17
26
27
27
25
31
31
31
30
31
27
30
27
30
31
34
33
34
36
34
34
37
35
33
35
34
31
29
33
31
31
35
35
29
30
32
33
33
32
33
36
36
35
32
29
30
34
33
35
30
31
33
32
31
31
33
33
34
36
32
32
34
30
27
33
32
35
35
32
36
34
30
28
30
31
31
29
36
23
18
21
30
24
28
29
28
27
33
33
26
28
26
25
20
19
20
30
28
29
35
32
33
36
36
34
35
36
28
31
30
36
31
28
30
33
18
25
26
30
32
29
33
31
31
33
32
30
32
32
27
29
31
31
31
30
30
31
29
30
30
34
35
34
33
31
30
29
31
33
34
33
34
36
32
30
30
33
32
28
31
32
29
30
31
31
31
35
36
21
20
28
28
27
33
30
31
29
34
30
29
29
29
21
17
26
30
31
33
34
34
