24
29
29
29
28
32
26
29
35
33
33
32
32
32
31
35
29
32
33
30
30
34
30
29
33
29
28
32
30
28
28
27
24
25
27
30
27
26
26
27
27
27
26
26
25
25
24
23
25
25
26
28
32
33
29
33
26
29
32
28
31
30
30
31
34
34
27
34
32
30
30
35
35
34
35
37
34
37
34
36
36
33
29
30
31
30
35
21
20
32
34
35
34
36
33
31
38
37
29
32
30
29
21
22
30
35
34
34
35
33
34
36
35
32
34
32
32
36
33
33
31
32
30
34
35
34
33
34
35
34
35
33
35
33
36
36
35
37
37
36
31
30
33
27
31
30
35
37
34
35
34
36
37
35
34
36
37
26
24
24
36
37
36
31
35
36
31
35
36
35
32
20
20
30
26
29
31
37
33
34
31
31
29
28
29
25
22
27
31
29
36
39
37
36
34
33
30
34
36
35
35
29
32
32
32
32
28
34
33
36
35
31
34
33
33
33
35
36
34
31
31
30
33
31
33
35
36
34
33
34
34
35
35
34
34
35
29
28
31
26
27
28
26
31
29
28
29
34
34
37
33
34
37
33
26
22
21
28
30
32
33
33
31
35
35
34
34
30
28
29
21
21
28
32
28
34
35
36
35
37
33
36
36
35
33
33
32
36
36
36
35
35
34
36
33
32
27
31
34
33
33
35
35
36
34
35
36
37
33
32
33
33
33
34
31
32
31
29
32
34
31
35
32
30
32
35
35
33
35
35
32
33
35
35
36
36
32
31
30
32
31
35
35
35
33
33
31
35
35
31
29
29
22
19
31
30
32
35
34
32
36
33
32
36
32
30
33
34
33
33
31
33
32
32
31
30
36
36
31
31
35
35
34
36
31
33
34
31
36
36
36
34
32
29
31
27
32
35
35
