22
33
36
34
35
35
34
36
30
26
25
25
24
26
24
28
26
26
26
27
27
27
29
26
27
27
25
35
31
28
31
28
26
24
25
26
27
24
24
25
35
33
30
34
33
35
23
19
27
30
38
37
33
33
34
32
36
32
37
37
29
26
27
28
23
19
25
30
32
34
35
30
36
33
34
32
33
31
35
32
33
36
35
36
34
34
35
35
32
33
35
33
30
32
33
31
31
35
34
28
29
36
33
30
34
35
35
35
34
35
35
34
36
32
34
35
34
36
34
29
32
28
32
31
30
30
31
30
33
32
35
33
34
34
31
34
30
35
36
37
34
31
21
19
26
28
30
35
34
32
32
35
31
29
31
29
29
26
19
29
35
35
35
30
31
32
33
29
31
35
36
34
33
37
37
36
28
33
36
34
32
34
35
29
36
33
33
33
33
30
28
34
33
34
35
37
35
37
34
29
35
33
35
34
33
30
35
35
35
36
35
34
35
33
29
30
29
33
33
30
30
34
34
35
33
34
35
36
34
21
29
27
36
32
34
36
35
33
34
31
29
29
28
30
22
20
26
29
35
33
32
34
35
34
35
34
33
30
31
32
32
35
33
34
29
33
29
31
31
33
