11
15
16
15
17
12
11
15
16
17
17
17
14
12
8
12
13
12
13
14
14
14
12
14
15
16
16
16
17
17
17
17
15
16
17
17
16
17
16
14
15
15
16
17
16
17
15
16
15
16
16
14
14
16
15
16
11
11
13
14
17
16
15
13
10
12
16
16
17
17
16
14
15
17
17
16
15
14
15
15
16
16
16
17
16
17
17
16
17
17
14
14
16
17
17
15
16
17
17
17
16
16
16
14
15
16
15
9
14
17
14
15
14
18
17
17
17
15
18
17
16
16
17
16
16
18
17
15
16
16
17
17
17
14
11
13
12
12
13
12
12
13
13
14
14
15
15
14
11
10
15
17
16
11
17
13
9
14
14
17
17
16
16
16
17
17
17
18
17
17
17
16
15
17
17
17
14
15
16
16
16
17
16
16
17
15
14
15
16
16
16
16
17
17
13
14
17
17
16
15
12
10
15
16
16
16
17
15
14
9
13
14
16
17
16
16
17
14
14
16
17
17
17
15
15
14
16
14
15
15
17
17
16
17
16
17
16
14
16
17
18
16
15
16
16
16
17
17
17
17
15
16
11
10
15
17
16
15
15
12
11
11
15
15
16
18
17
17
13
14
16
15
17
15
16
16
16
18
16
16
17
17
16
17
16
16
15
15
16
17
18
17
13
13
15
16
17
17
17
16
16
15
8
13
15
17
