122, 50, 50, 60
124, 51, 49, 60
124, 50, 48, 60
124, 52, 48, 60
125, 53, 47, 60
124, 55, 47, 60
125, 57, 47, 59
124, 58, 47, 59
125, 58, 47, 59
125, 58, 47, 59
124, 59, 47, 59
124, 59, 47, 58
124, 59, 47, 58
124, 60, 46, 58
124, 60, 46, 58
124, 60, 47, 58
124, 61, 46, 58
124, 61, 47, 58
124, 61, 47, 58
124, 60, 47, 58
123, 62, 47, 59
123, 62, 47, 59
123, 62, 47, 59
123, 63, 47, 59
123, 63, 47, 59
122, 63, 47, 59
123, 64, 47, 59
123, 63, 47, 60
121, 64, 48, 59
120, 63, 48, 59
119, 62, 48, 60
118, 61, 48, 60
117, 61, 48, 60
115, 59, 49, 61
113, 58, 49, 61
112, 57, 49, 61
110, 56, 48, 62
110, 56, 48, 62
110, 56, 47, 63
110, 55, 47, 62
110, 55, 47, 62
110, 56, 48, 62
110, 56, 48, 62
112, 55, 47, 62
112, 53, 47, 62
114, 53, 47, 61
114, 53, 46, 61
115, 53, 46, 60
116, 53, 45, 59
117, 53, 46, 59
118, 54, 46, 59
118, 56, 46, 58
118, 58, 47, 59
118, 60, 47, 59
119, 62, 47, 60
118, 65, 47, 60
118, 67, 47, 61
118, 70, 47, 61
118, 71, 46, 62
119, 74, 45, 63
117, 76, 44, 64
117, 77, 44, 66
117, 79, 44, 66
118, 80, 43, 66
118, 82, 43, 67
118, 81, 42, 68
119, 81, 41, 68
120, 83, 41, 67
120, 83, 41, 66
121, 84, 41, 65
122, 84, 41, 64
123, 86, 41, 63
125, 85, 41, 63
128, 83, 41, 64
128, 83, 41, 63
128, 83, 42, 63
129, 81, 43, 63
128, 78, 45, 63
127, 77, 46, 63
127, 75, 47, 63
127, 73, 47, 64
126, 71, 48, 64
126, 71, 48, 63
125, 70, 48, 63
125, 68, 48, 62
125, 68, 48, 61
124, 67, 48, 61
123, 65, 48, 61
124, 64, 47, 61
123, 63, 47, 60
123, 62, 47, 61
121, 60, 48, 61
119, 58, 48, 61
118, 57, 48, 60
117, 58, 48, 61
115, 57, 48, 61
113, 56, 48, 62
112, 56, 48, 62
110, 56, 48, 63
108, 55, 48, 64
108, 56, 48, 64
107, 56, 48, 64
106, 55, 48, 64
106, 55, 48, 65
106, 55, 48, 64
106, 54, 48, 64
105, 53, 48, 64
105, 54, 48, 63
107, 52, 47, 62
107, 53, 48, 61
109, 54, 47, 60
110, 56, 47, 59
111, 56, 47, 59
111, 57, 47, 59
111, 58, 47, 59
112, 59, 47, 59
112, 60, 47, 59
113, 62, 47, 59
114, 63, 47, 58
114, 65, 47, 57
114, 66, 47, 57
114, 67, 47, 57
115, 67, 47, 57
115, 68, 47, 57
115, 69, 46, 57
115, 69, 46, 57
116, 68, 46, 58
117, 68, 46, 58
117, 69, 46, 58
117, 69, 46, 57
117, 69, 46, 57
117, 69, 47, 56
116, 69, 47, 57
117, 69, 47, 56
117, 70, 47, 56
116, 69, 47, 57
116, 69, 47, 57
116, 69, 47, 57
115, 69, 47, 57
115, 69, 47, 57
114, 69, 47, 57
114, 68, 47, 57
112, 68, 47, 57
111, 67, 47, 58
109, 68, 47, 58
107, 68, 48, 58
107, 69, 47, 58
107, 68, 47, 58
105, 66, 48, 58
107, 67, 47, 58
107, 67, 47, 59
107, 66, 46, 60
108, 67, 47, 60
109, 67, 47, 60
109, 68, 47, 60
109, 68, 47, 60
108, 68, 47, 60
109, 68, 47, 60
109, 67, 47, 60
109, 68, 47, 61
109, 67, 47, 61
110, 67, 47, 62
110, 67, 47, 62
109, 66, 47, 62
109, 67, 47, 62
108, 66, 48, 62
109, 67, 48, 62
108, 67, 48, 63
109, 67, 47, 63
108, 66, 48, 63
108, 66, 48, 63
108, 66, 48, 63
107, 66, 48, 63
108, 65, 47, 64
107, 64, 47, 64
107, 64, 47, 64
107, 65, 47, 64
106, 64, 46, 64
106, 64, 46, 64
107, 64, 45, 64
107, 65, 45, 64
106, 64, 45, 64
106, 64, 45, 64
106, 65, 45, 64
106, 65, 44, 64
106, 64, 44, 64
105, 66, 44, 63
106, 64, 43, 64
107, 64, 43, 64
106, 65, 43, 63
107, 64, 42, 64
107, 65, 42, 63
107, 65, 42, 63
108, 65, 42, 63
108, 66, 42, 63
108, 65, 42, 63
109, 66, 42, 63
109, 66, 42, 63
110, 67, 43, 62
111, 67, 43, 62
110, 68, 43, 61
111, 68, 43, 61
111, 69, 43, 60
112, 70, 43, 59
112, 70, 43, 59
112, 71, 43, 58
112, 70, 43, 58
111, 73, 43, 57
111, 72, 43, 57
111, 73, 43, 57
111, 72, 43, 56
110, 73, 42, 56
110, 73, 42, 56
110, 73, 42, 56
110, 74, 42, 56
109, 72, 42, 56
110, 73, 41, 56
110, 72, 41, 56
110, 73, 41, 57
110, 73, 40, 57
109, 73, 40, 57
109, 73, 40, 57
109, 73, 40, 57
110, 73, 39, 57
109, 72, 39, 57
109, 72, 39, 57
108, 72, 39, 57
107, 72, 39, 57
108, 72, 38, 57
107, 72, 38, 56
107, 72, 38, 56
107, 72, 38, 56
107, 72, 39, 56
108, 72, 39, 56
108, 72, 39, 56
107, 73, 40, 56
107, 74, 40, 57
107, 74, 40, 57
107, 73, 40, 57
106, 73, 40, 57
106, 73, 40, 57
106, 73, 40, 57
106, 72, 41, 57
106, 73, 41, 57
106, 72, 41, 57
107, 73, 41, 57
106, 73, 41, 57
106, 73, 41, 57
106, 73, 41, 57
105, 73, 41, 57
105, 73, 41, 57
105, 71, 41, 58
105, 70, 41, 58
106, 69, 41, 59
105, 68, 42, 59
105, 65, 43, 60
105, 64, 43, 60
105, 62, 44, 60
104, 60, 44, 61
103, 59, 45, 61
104, 57, 45, 61
104, 55, 45, 61
103, 52, 46, 62
102, 50, 46, 62
102, 49, 46, 62
102, 48, 46, 62
102, 48, 46, 61
102, 47, 47, 61
102, 45, 47, 61
102, 43, 47, 60
102, 43, 48, 59
102, 43, 48, 59
104, 43, 47, 59
101, 44, 49, 57
101, 44, 50, 56
103, 47, 50, 55
103, 47, 50, 54
105, 50, 51, 53
106, 51, 50, 53
107, 52, 50, 52
107, 53, 50, 52
109, 54, 50, 52
110, 55, 49, 52
110, 57, 49, 52
111, 57, 49, 52
111, 59, 49, 52
112, 59, 48, 53
111, 60, 49, 53
111, 60, 48, 53
111, 60, 48, 54
112, 63, 49, 53
112, 64, 49, 53
113, 64, 49, 53
112, 66, 50, 52
113, 68, 51, 51
113, 70, 51, 51
113, 72, 51, 51
112, 73, 51, 50
111, 75, 51, 51
111, 77, 51, 51
110, 78, 52, 51
110, 80, 51, 51
109, 81, 51, 51
108, 82, 52, 51
108, 82, 52, 52
108, 83, 52, 53
108, 82, 51, 54
108, 82, 50, 54
107, 81, 50, 55
108, 80, 50, 56
107, 80, 50, 56
108, 81, 50, 56
108, 80, 50, 57
107, 79, 50, 58
107, 78, 50, 58
107, 78, 50, 58
106, 77, 50, 58
105, 77, 50, 58
104, 76, 50, 58
102, 75, 50, 58
101, 73, 51, 58
98, 73, 51, 58
97, 73, 51, 57
94, 72, 52, 56
92, 72, 52, 56
91, 70, 51, 56
89, 71, 51, 55
88, 70, 50, 55
87, 68, 50, 55
87, 67, 49, 55
86, 68, 49, 55
85, 67, 49, 54
83, 67, 50, 54
84, 67, 49, 54
81, 67, 49, 54
80, 66, 49, 54
78, 66, 49, 54
77, 66, 49, 54
75, 65, 49, 54
74, 66, 49, 54
72, 66, 49, 54
71, 67, 49, 53
70, 65, 49, 54
69, 66, 49, 53
66, 67, 50, 53
65, 67, 50, 52
64, 67, 50, 52
63, 68, 50, 51
61, 67, 50, 51
60, 67, 50, 51
58, 67, 50, 50
57, 67, 50, 50
57, 66, 49, 50
55, 67, 48, 50
54, 66, 48, 50
53, 67, 47, 49
52, 67, 47, 49
52, 67, 46, 49
52, 66, 46, 49
51, 66, 46, 49
51, 66, 46, 49
51, 65, 45, 48
52, 65, 45, 49
53, 63, 45, 49
55, 63, 46, 49
56, 62, 46, 50
58, 62, 47, 49
59, 62, 48, 50
60, 62, 49, 50
61, 60, 49, 51
63, 59, 49, 51
63, 56, 50, 52
64, 54, 50, 53
65, 53, 51, 53
66, 52, 51, 53
67, 51, 52, 53
68, 48, 52, 54
70, 47, 52, 54
72, 46, 52, 54
74, 45, 51, 54
75, 45, 52, 53
77, 43, 52, 53
79, 42, 52, 53
82, 40, 52, 54
84, 40, 52, 54
86, 40, 52, 54
87, 41, 52, 54
89, 43, 52, 53
90, 45, 52, 53
92, 45, 52, 53
92, 47, 53, 53
94, 48, 53, 53
96, 49, 53, 53
96, 51, 53, 53
97, 53, 53, 53
96, 54, 54, 54
97, 55, 54, 54
97, 58, 54, 54
98, 60, 54, 55
99, 62, 53, 55
99, 64, 53, 56
99, 67, 53, 55
100, 69, 53, 55
100, 71, 53, 56
101, 73, 53, 56
100, 75, 53, 56
100, 77, 52, 57
101, 79, 52, 57
100, 80, 52, 57
101, 83, 51, 57
102, 84, 51, 58
102, 86, 50, 58
102, 90, 49, 58
102, 91, 49, 58
102, 93, 48, 58
102, 96, 47, 57
103, 99, 47, 57
103, 101, 47, 57
103, 103, 47, 56
104, 105, 47, 57
104, 107, 47, 57
104, 108, 47, 57
104, 110, 47, 57
104, 113, 48, 57
105, 115, 48, 58
104, 116, 48, 59
105, 119, 49, 59
104, 120, 50, 59
103, 122, 51, 59
104, 122, 51, 60
102, 130, 52, 59
102, 130, 52, 59
102, 131, 52, 58
102, 133, 52, 58
101, 139, 52, 57
100, 140, 52, 56
100, 140, 52, 56
99, 145, 52, 55
98, 145, 52, 55
97, 146, 52, 54
97, 146, 51, 54
96, 148, 51, 53
96, 148, 49, 54
95, 150, 48, 53
95, 151, 47, 53
94, 152, 47, 52
93, 152, 46, 52
92, 154, 46, 51
92, 154, 46, 51
92, 154, 45, 50
90, 154, 45, 50
90, 154, 45, 50
89, 157, 44, 50
88, 158, 44, 49
88, 157, 44, 49
87, 156, 44, 49
85, 154, 45, 49
86, 151, 45, 50
85, 148, 45, 51
86, 145, 45, 51
84, 141, 46, 52
84, 137, 46, 52
85, 134, 47, 52
86, 130, 47, 54
86, 127, 48, 54
86, 123, 49, 55
86, 120, 49, 55
87, 116, 49, 57
88, 112, 49, 58
87, 108, 50, 60
88, 106, 50, 60
89, 103, 51, 60
89, 102, 52, 60
90, 99, 53, 60
90, 97, 53, 60
90, 95, 53, 60
89, 93, 52, 61
91, 92, 51, 61
93, 91, 51, 61
95, 91, 50, 61
96, 91, 50, 61
98, 92, 50, 61
99, 93, 50, 61
102, 93, 49, 61
104, 94, 49, 61
106, 94, 49, 60
108, 95, 49, 61
109, 95, 50, 60
110, 95, 51, 60
110, 96, 52, 59
113, 96, 53, 59
113, 97, 54, 59
113, 95, 55, 59
115, 95, 57, 58
116, 95, 58, 58
118, 94, 59, 58
120, 92, 58, 58
122, 93, 59, 57
124, 93, 59, 57
125, 92, 58, 57
127, 91, 58, 57
131, 91, 57, 57
134, 91, 56, 57
138, 90, 55, 57
141, 89, 54, 56
144, 90, 53, 56
147, 91, 52, 55
148, 92, 51, 55
149, 93, 50, 55
150, 95, 50, 54
152, 97, 49, 54
153, 99, 48, 55
154, 100, 47, 55
155, 101, 47, 56
156, 107, 47, 56
158, 107, 47, 56
159, 107, 47, 56
161, 113, 47, 55
161, 111, 47, 54
163, 112, 47, 53
163, 110, 47, 52
165, 109, 46, 52
166, 106, 46, 53
168, 103, 46, 53
167, 99, 46, 55
166, 94, 46, 56
167, 92, 46, 57
167, 90, 46, 56
168, 88, 47, 56
167, 86, 47, 55
166, 84, 48, 54
166, 82, 49, 55
165, 80, 49, 54
165, 78, 49, 54
166, 76, 49, 55
166, 71, 48, 56
166, 69, 49, 55
167, 64, 50, 55
168, 60, 50, 57
168, 55, 50, 58
169, 53, 50, 59
169, 49, 50, 60
169, 48, 50, 59
167, 47, 51, 59
167, 48, 51, 58
166, 48, 51, 59
163, 50, 51, 58
161, 51, 52, 58
159, 53, 52, 58
157, 55, 52, 57
156, 56, 52, 57
154, 58, 52, 57
153, 60, 52, 57
150, 61, 52, 58
148, 62, 52, 58
146, 64, 52, 57
145, 66, 51, 57
142, 66, 50, 56
141, 66, 50, 56
139, 66, 49, 55
137, 65, 49, 55
137, 65, 49, 54
133, 67, 50, 53
131, 68, 50, 53
128, 68, 50, 53
126, 70, 51, 53
124, 71, 51, 53
123, 73, 51, 53
122, 74, 50, 54
120, 74, 50, 54
122, 74, 51, 55
123, 73, 53, 55
127, 72, 53, 55
130, 71, 53, 56
133, 71, 52, 56
135, 72, 52, 57
136, 74, 52, 56
137, 73, 52, 56
139, 75, 53, 55
140, 73, 53, 54
138, 72, 53, 54
137, 72, 53, 54
136, 72, 52, 55
133, 73, 52, 55
132, 75, 52, 55
131, 77, 52, 55
129, 78, 51, 55
127, 80, 52, 55
126, 83, 52, 55
124, 82, 53, 56
121, 83, 54, 56
117, 84, 56, 56
114, 85, 56, 57
113, 85, 55, 58
112, 87, 55, 58
110, 88, 55, 58
110, 91, 55, 58
109, 96, 55, 57
109, 98, 55, 56
109, 99, 55, 56
109, 102, 55, 55
109, 104, 55, 55
108, 105, 54, 56
108, 106, 54, 57
109, 107, 55, 59
109, 108, 56, 60
110, 110, 55, 61
110, 111, 55, 62
112, 107, 55, 62
111, 110, 55, 63
109, 111, 55, 64
106, 116, 54, 65
105, 115, 54, 65
105, 113, 54, 65
105, 114, 55, 64
104, 114, 55, 64
103, 117, 55, 63
102, 116, 55, 62
101, 114, 55, 62
100, 113, 54, 63
100, 113, 53, 63
99, 107, 53, 62
97, 108, 53, 61
97, 106, 52, 61
96, 104, 52, 59
95, 102, 52, 57
95, 99, 51, 57
95, 99, 50, 57
95, 96, 49, 58
95, 96, 49, 58
97, 95, 48, 59
95, 92, 48, 60
96, 90, 48, 60
97, 88, 48, 60
97, 85, 49, 60
97, 83, 49, 59
96, 82, 50, 59
97, 78, 50, 60
95, 76, 50, 60
95, 73, 50, 60
97, 71, 51, 60
96, 70, 52, 59
95, 68, 53, 59
94, 67, 55, 58
93, 65, 55, 58
92, 63, 56, 58
90, 64, 57, 57
89, 61, 57, 58
86, 60, 57, 59
84, 59, 57, 60
82, 58, 56, 60
81, 58, 56, 59
81, 56, 55, 59
80, 55, 55, 58
79, 55, 55, 57
78, 54, 55, 57
77, 54, 55, 56
78, 56, 54, 55
76, 57, 54, 55
76, 57, 54, 55
76, 58, 54, 54
75, 61, 54, 53
75, 61, 54, 53
73, 62, 54, 53
75, 63, 53, 52
72, 63, 54, 52
70, 64, 54, 52
69, 66, 54, 51
69, 67, 54, 51
69, 69, 54, 50
68, 70, 54, 50
68, 71, 53, 50
67, 73, 53, 50
67, 76, 53, 50
68, 79, 53, 49
69, 82, 53, 49
70, 83, 53, 49
71, 85, 53, 49
72, 85, 53, 48
73, 85, 53, 48
73, 83, 53, 48
74, 79, 52, 49
76, 74, 51, 50
75, 71, 50, 50
78, 69, 48, 51
80, 66, 47, 52
83, 64, 46, 53
88, 61, 45, 54
90, 60, 46, 54
92, 60, 47, 55
94, 58, 48, 57
96, 56, 49, 58
97, 56, 50, 58
98, 55, 51, 59
97, 54, 52, 59
97, 54, 52, 59
96, 53, 53, 60
96, 53, 53, 60
96, 53, 53, 59
96, 51, 53, 59
96, 50, 53, 59
95, 48, 53, 59
95, 47, 53, 58
95, 46, 53, 58
95, 44, 53, 57
94, 44, 53, 57
93, 43, 53, 56
93, 44, 53, 56
93, 42, 53, 56
91, 41, 52, 56
90, 42, 52, 56
90, 42, 52, 56
88, 42, 52, 55
86, 42, 53, 55
85, 42, 53, 55
82, 40, 54, 55
81, 38, 54, 56
79, 37, 54, 56
78, 35, 54, 56
77, 34, 55, 56
76, 31, 55, 57
75, 29, 55, 57
73, 28, 56, 57
72, 26, 56, 57
70, 25, 57, 56
69, 25, 57, 56
67, 25, 57, 56
68, 24, 57, 56
66, 24, 57, 56
68, 25, 56, 56
68, 25, 56, 56
69, 26, 55, 56
70, 27, 55, 57
70, 28, 55, 58
71, 29, 55, 58
72, 32, 55, 58
73, 34, 55, 58
75, 36, 54, 58
76, 40, 54, 57
76, 44, 54, 57
77, 46, 53, 56
78, 48, 53, 56
78, 49, 52, 56
80, 51, 52, 55
82, 51, 52, 54
85, 52, 51, 54
87, 52, 50, 54
88, 53, 50, 53
91, 52, 50, 53
94, 50, 50, 54
96, 47, 50, 54
98, 46, 51, 54
100, 45, 51, 54
104, 44, 51, 54
104, 42, 51, 54
106, 40, 51, 54
109, 39, 51, 54
111, 39, 51, 53
113, 36, 51, 53
115, 35, 50, 53
118, 35, 50, 52
121, 33, 50, 52
122, 34, 50, 51
125, 32, 49, 52
127, 33, 49, 51
129, 33, 49, 51
131, 33, 49, 51
133, 33, 49, 51
135, 33, 49, 51
137, 32, 48, 52
138, 32, 48, 52
141, 32, 47, 52
143, 31, 47, 52
146, 32, 47, 52
147, 32, 47, 53
150, 33, 47, 52
150, 34, 48, 53
152, 34, 48, 53
153, 35, 48, 54
154, 37, 48, 54
156, 37, 49, 54
157, 39, 49, 54
157, 40, 49, 55
159, 42, 49, 55
160, 44, 49, 55
159, 45, 50, 55
161, 47, 50, 55
161, 48, 50, 55
162, 49, 50, 55
162, 51, 50, 55
163, 53, 50, 55
162, 54, 50, 54
163, 56, 50, 54
163, 57, 50, 54
163, 58, 50, 54
162, 58, 50, 54
161, 59, 50, 54
159, 60, 50, 54
157, 61, 50, 55
156, 61, 50, 55
155, 59, 50, 56
154, 59, 51, 56
154, 59, 50, 57
153, 58, 50, 57
151, 59, 50, 57
149, 58, 50, 57
148, 58, 51, 56
145, 59, 51, 56
141, 59, 51, 56
139, 60, 51, 56
136, 61, 51, 55
132, 62, 52, 55
128, 63, 52, 55
125, 64, 52, 55
122, 65, 54, 55
119, 64, 55, 56
114, 65, 56, 56
111, 67, 56, 56
108, 67, 56, 56
107, 66, 55, 58
104, 67, 54, 58
103, 68, 53, 58
101, 69, 53, 59
99, 69, 52, 59
97, 70, 52, 59
95, 71, 52, 58
93, 73, 52, 57
91, 73, 52, 56
88, 75, 52, 55
87, 75, 52, 54
87, 76, 51, 54
86, 76, 51, 54
85, 78, 51, 53
86, 79, 50, 53
86, 80, 50, 53
87, 81, 49, 54
87, 84, 48, 54
88, 88, 47, 54
90, 93, 47, 53
91, 99, 47, 52
92, 103, 48, 52
92, 106, 49, 52
92, 109, 49, 52
93, 111, 49, 53
94, 112, 48, 54
96, 121, 48, 56
97, 122, 48, 56
98, 124, 49, 57
97, 127, 50, 55
97, 128, 51, 55
98, 129, 51, 55
97, 127, 51, 55
96, 124, 51, 56
96, 121, 50, 59
95, 116, 51, 62
96, 111, 51, 65
95, 106, 51, 68
94, 101, 51, 70
93, 94, 51, 72
92, 87, 51, 74
90, 80, 51, 74
88, 75, 51, 72
92, 74, 50, 73
92, 71, 50, 73
93, 68, 50, 73
95, 66, 49, 72
94, 65, 50, 71
97, 63, 50, 70
99, 62, 51, 70
101, 64, 51, 69
102, 63, 52, 69
104, 62, 52, 69
105, 63, 52, 69
108, 65, 51, 69
109, 66, 51, 69
111, 66, 49, 69
112, 67, 49, 69
114, 67, 49, 68
115, 66, 49, 68
115, 67, 48, 67
117, 66, 48, 67
115, 67, 52, 63
115, 68, 54, 61
114, 68, 56, 59
111, 68, 57, 58
109, 69, 58, 57
107, 67, 58, 58
104, 69, 58, 57
104, 69, 57, 57
101, 70, 56, 57
100, 69, 56, 58
98, 70, 55, 58
96, 70, 55, 58
94, 71, 55, 58
91, 72, 54, 58
90, 72, 53, 58
89, 74, 52, 57
86, 74, 52, 57
84, 73, 52, 56
84, 74, 51, 56
84, 77, 51, 55
83, 78, 51, 54
81, 80, 50, 54
82, 84, 50, 53
82, 86, 49, 53
82, 88, 49, 54
84, 92, 49, 53
84, 96, 49, 52
84, 100, 50, 52
86, 105, 51, 51
88, 107, 51, 51
88, 109, 52, 51
87, 111, 53, 51
87, 113, 54, 51
88, 112, 54, 52
89, 113, 55, 53
91, 113, 55, 53
94, 113, 55, 55
96, 111, 54, 58
97, 110, 52, 60
100, 110, 53, 61
104, 110, 53, 62
106, 108, 53, 64
106, 106, 53, 66
107, 101, 51, 68
109, 100, 51, 69
110, 97, 51, 69
109, 95, 52, 69
109, 92, 52, 68
108, 90, 53, 68
107, 87, 53, 69
106, 83, 53, 69
105, 80, 53, 70
104, 78, 52, 70
102, 77, 52, 69
100, 75, 52, 68
98, 73, 52, 67
100, 74, 51, 68
95, 72, 52, 67
97, 72, 51, 68
95, 71, 51, 69
95, 70, 51, 70
94, 69, 51, 71
94, 66, 50, 72
95, 65, 50, 73
95, 63, 50, 73
96, 61, 50, 71
97, 60, 51, 70
97, 62, 52, 68
98, 62, 52, 68
101, 63, 53, 67
102, 62, 53, 66
103, 61, 54, 66
104, 61, 54, 66
106, 61, 55, 65
105, 60, 56, 65
106, 60, 56, 64
106, 59, 56, 64
109, 59, 55, 64
111, 59, 55, 65
112, 58, 54, 65
113, 57, 54, 64
115, 58, 53, 64
116, 58, 52, 63
117, 58, 52, 62
119, 59, 51, 62
115, 62, 52, 59
116, 63, 53, 58
115, 64, 53, 57
114, 63, 53, 56
114, 63, 52, 56
115, 63, 52, 55
117, 63, 51, 55
118, 62, 51, 55
121, 62, 50, 55
121, 62, 50, 55
124, 62, 49, 54
124, 62, 48, 54
124, 61, 48, 54
126, 61, 48, 54
129, 61, 47, 54
131, 61, 46, 54
134, 62, 45, 54
135, 63, 45, 54
134, 64, 44, 54
133, 67, 44, 55
133, 70, 43, 55
133, 73, 43, 55
131, 79, 42, 57
131, 80, 40, 58
132, 82, 39, 60
133, 83, 38, 62
134, 85, 37, 63
134, 88, 37, 63
133, 90, 38, 62
132, 93, 38, 62
129, 95, 37, 63
130, 98, 37, 64
129, 97, 37, 63
130, 98, 37, 62
129, 96, 37, 62
125, 96, 37, 61
127, 93, 37, 61
128, 90, 37, 62
127, 87, 37, 62
127, 85, 37, 63
127, 81, 37, 64
125, 78, 38, 64
124, 73, 38, 65
123, 71, 38, 65
123, 69, 38, 65
124, 66, 38, 64
124, 64, 39, 63
123, 62, 39, 62
122, 60, 39, 61
121, 58, 39, 60
117, 59, 43, 57
112, 60, 46, 54
109, 59, 48, 53
107, 60, 49, 52
105, 58, 49, 52
101, 59, 50, 51
97, 59, 51, 51
94, 58, 51, 51
92, 57, 51, 51
88, 57, 52, 51
86, 55, 51, 52
83, 54, 51, 52
79, 55, 51, 52
75, 55, 51, 52
74, 56, 51, 52
69, 57, 50, 52
67, 58, 50, 52
64, 59, 51, 52
63, 60, 51, 52
62, 61, 51, 51
60, 61, 51, 51
59, 61, 52, 50
58, 60, 52, 50
57, 61, 52, 50
57, 62, 52, 51
57, 62, 52, 50
60, 63, 53, 50
62, 63, 54, 50
65, 65, 55, 49
67, 67, 56, 49
69, 67, 57, 49
70, 67, 58, 50
72, 68, 58, 50
81, 69, 58, 51
82, 70, 58, 51
92, 70, 57, 52
94, 70, 55, 52
94, 72, 54, 53
102, 72, 53, 53
104, 72, 52, 53
113, 73, 51, 53
115, 72, 50, 53
123, 70, 50, 54
126, 70, 49, 54
133, 70, 49, 53
135, 70, 49, 53
137, 70, 49, 53
139, 70, 50, 52
141, 70, 50, 51
144, 71, 51, 51
148, 70, 51, 51
152, 70, 50, 52
153, 71, 50, 53
158, 75, 48, 53
163, 81, 48, 53
165, 85, 48, 54
161, 83, 44, 57
162, 86, 42, 59
162, 85, 41, 60
161, 90, 40, 61
168, 103, 43, 59
168, 104, 44, 59
165, 110, 45, 58
157, 113, 44, 59
164, 110, 43, 60
148, 119, 45, 60
161, 117, 44, 61
159, 120, 44, 62
158, 123, 44, 63
135, 103, 45, 62
132, 104, 46, 62
130, 106, 47, 61
134, 106, 48, 61
122, 118, 46, 63
118, 121, 45, 64
130, 107, 47, 64
134, 102, 48, 63
133, 109, 49, 64
134, 114, 50, 65
129, 112, 49, 67
128, 106, 51, 66
128, 109, 52, 66
129, 114, 55, 66
134, 111, 57, 66
130, 110, 60, 65
128, 107, 61, 65
120, 108, 63, 65
119, 107, 64, 65
131, 96, 65, 66
127, 95, 67, 66
132, 91, 66, 67
128, 89, 66, 67
126, 87, 66, 67
125, 86, 66, 66
125, 92, 65, 66
138, 86, 59, 73
139, 81, 55, 76
139, 80, 53, 77
138, 79, 53, 77
136, 78, 53, 76
134, 78, 53, 75
127, 80, 56, 71
122, 83, 59, 67
115, 84, 61, 65
108, 85, 62, 63
106, 84, 61, 62
103, 85, 60, 60
102, 87, 60, 59
99, 90, 59, 57
98, 91, 59, 56
96, 94, 58, 54
96, 96, 57, 53
95, 95, 55, 54
94, 97, 54, 55
94, 96, 53, 56
94, 96, 53, 56
93, 95, 53, 57
91, 90, 53, 56
91, 90, 52, 57
91, 91, 51, 57
91, 91, 51, 57
92, 91, 51, 57
91, 89, 50, 58
90, 89, 50, 59
89, 88, 50, 59
89, 89, 50, 58
89, 88, 51, 59
88, 89, 51, 59
88, 89, 51, 59
91, 88, 53, 59
88, 88, 54, 59
86, 88, 54, 59
86, 88, 54, 59
85, 86, 54, 60
81, 87, 54, 60
82, 88, 54, 61
80, 89, 54, 61
80, 88, 54, 62
80, 87, 54, 62
78, 86, 56, 62
78, 85, 57, 62
77, 84, 58, 61
76, 81, 59, 60
75, 81, 60, 58
74, 80, 61, 56
73, 80, 62, 54
75, 83, 63, 51
75, 81, 62, 50
76, 81, 62, 49
79, 77, 61, 49
81, 77, 60, 49
84, 73, 57, 50
88, 71, 55, 51
90, 69, 55, 52
92, 68, 54, 53
94, 66, 54, 54
96, 63, 53, 56
97, 62, 53, 57
99, 60, 52, 58
100, 58, 53, 59
101, 56, 53, 60
102, 52, 53, 61
102, 51, 54, 61
103, 49, 54, 61
104, 48, 55, 60
105, 47, 55, 60
106, 47, 55, 60
106, 45, 55, 60
107, 46, 56, 60
108, 46, 56, 59
108, 45, 57, 59
110, 45, 56, 59
111, 44, 55, 59
112, 44, 55, 59
112, 44, 55, 59
112, 43, 55, 59
113, 44, 55, 59
115, 44, 55, 59
115, 44, 54, 59
117, 43, 54, 60
118, 45, 54, 59
119, 46, 55, 59
121, 46, 55, 60
121, 48, 55, 59
123, 48, 55, 59
123, 49, 55, 58
122, 50, 56, 58
121, 50, 56, 58
119, 50, 57, 58
118, 51, 57, 58
115, 50, 57, 59
113, 52, 58, 59
111, 52, 58, 59
109, 52, 58, 59
108, 52, 59, 59
107, 53, 59, 59
105, 54, 59, 59
104, 56, 59, 59
99, 58, 60, 59
96, 59, 60, 60
93, 61, 59, 61
90, 63, 60, 60
88, 64, 59, 61
87, 65, 59, 60
85, 65, 58, 60
85, 66, 57, 60
84, 69, 56, 59
82, 68, 55, 59
82, 70, 55, 58
80, 72, 55, 58
80, 75, 55, 57
79, 77, 56, 55
78, 77, 56, 54
77, 79, 55, 53
79, 80, 54, 53
78, 81, 54, 53
79, 82, 54, 52
81, 84, 53, 52
81, 85, 52, 52
84, 86, 52, 52
85, 87, 51, 51
86, 88, 51, 51
87, 88, 51, 51
88, 89, 51, 50
89, 89, 51, 50
89, 89, 51, 50
90, 90, 51, 49
90, 90, 51, 49
91, 89, 51, 49
93, 88, 50, 50
93, 87, 50, 50
95, 86, 50, 50
95, 86, 50, 50
96, 85, 50, 51
97, 82, 49, 53
98, 78, 49, 54
98, 76, 50, 55
99, 75, 51, 55
100, 72, 50, 56
101, 71, 51, 56
104, 71, 51, 56
105, 72, 52, 56
107, 74, 53, 57
108, 75, 54, 57
110, 77, 55, 57
110, 76, 55, 58
110, 77, 56, 58
112, 78, 56, 58
112, 78, 57, 58
112, 78, 57, 58
111, 79, 58, 58
113, 80, 58, 58
113, 80, 57, 59
113, 78, 56, 60
114, 79, 57, 59
114, 79, 58, 58
117, 82, 58, 57
119, 82, 58, 57
120, 84, 59, 57
130, 87, 58, 57
141, 87, 57, 58
150, 90, 56, 58
151, 97, 57, 58
154, 96, 57, 58
161, 95, 59, 58
163, 97, 59, 58
168, 97, 61, 58
169, 102, 61, 57
174, 99, 62, 57
174, 101, 62, 57
179, 104, 63, 57
179, 102, 63, 57
179, 100, 62, 57
178, 103, 62, 57
177, 106, 62, 57
177, 102, 62, 57
177, 100, 63, 56
177, 102, 62, 57
176, 99, 62, 57
176, 101, 62, 56
176, 103, 62, 56
175, 99, 62, 56
175, 102, 62, 56
174, 98, 62, 56
173, 100, 62, 56
174, 103, 63, 55
173, 99, 62, 56
173, 102, 62, 55
173, 104, 62, 55
175, 101, 61, 55
175, 103, 61, 55
175, 104, 60, 55
176, 100, 60, 55
175, 103, 60, 55
175, 104, 60, 55
177, 101, 59, 55
176, 103, 59, 55
175, 105, 59, 55
176, 101, 58, 55
176, 103, 59, 55
175, 105, 59, 54
175, 101, 59, 54
175, 103, 58, 55
175, 104, 59, 54
175, 105, 59, 55
175, 105, 58, 54
175, 105, 58, 54
176, 102, 58, 54
176, 104, 58, 54
176, 105, 58, 54
176, 102, 58, 54
177, 104, 58, 54
176, 106, 58, 54
177, 102, 58, 54
177, 104, 58, 54
178, 102, 57, 54
176, 104, 58, 54
178, 101, 57, 54
178, 103, 57, 55
176, 105, 58, 54
178, 102, 57, 54
176, 104, 58, 54
176, 106, 58, 54
176, 103, 58, 54
176, 104, 58, 54
176, 105, 58, 54
176, 105, 58, 54
177, 103, 57, 54
