24, 87, 67, 54
23, 87, 68, 54
22, 85, 68, 54
22, 84, 69, 54
23, 87, 69, 53
22, 87, 69, 53
24, 89, 69, 53
22, 87, 68, 53
23, 87, 68, 53
22, 86, 68, 52
25, 86, 67, 52
24, 84, 67, 52
24, 85, 67, 51
25, 84, 67, 51
25, 82, 66, 52
25, 82, 65, 51
27, 81, 65, 51
27, 82, 65, 50
27, 82, 64, 50
28, 81, 64, 50
29, 81, 63, 50
31, 82, 63, 49
30, 82, 62, 48
31, 83, 62, 48
33, 82, 61, 48
33, 82, 61, 48
33, 82, 60, 48
33, 82, 60, 47
34, 82, 60, 47
35, 83, 59, 47
36, 84, 59, 47
36, 84, 59, 47
37, 84, 58, 47
37, 83, 59, 46
37, 83, 58, 46
38, 82, 58, 46
39, 82, 58, 46
40, 81, 57, 46
40, 80, 57, 45
41, 79, 57, 45
41, 79, 57, 45
41, 80, 57, 44
43, 79, 56, 44
42, 81, 56, 44
45, 82, 55, 44
44, 84, 55, 44
44, 84, 55, 44
44, 84, 55, 44
45, 85, 55, 44
45, 86, 55, 43
45, 86, 54, 43
45, 86, 54, 43
45, 84, 54, 43
45, 85, 54, 43
46, 85, 53, 42
47, 85, 53, 42
46, 87, 52, 41
47, 87, 52, 41
47, 89, 52, 41
47, 89, 52, 40
48, 89, 52, 40
49, 88, 51, 40
49, 89, 51, 40
49, 90, 51, 39
49, 90, 51, 39
49, 88, 50, 39
48, 88, 50, 39
49, 88, 50, 39
49, 88, 50, 38
50, 86, 49, 38
51, 86, 49, 38
50, 85, 49, 38
50, 86, 48, 38
51, 84, 48, 38
50, 85, 48, 37
52, 86, 47, 37
53, 86, 47, 37
53, 85, 47, 37
54, 85, 47, 36
53, 85, 46, 36
53, 84, 46, 36
53, 83, 46, 36
54, 82, 46, 36
54, 83, 46, 36
55, 83, 45, 36
55, 85, 45, 35
55, 85, 45, 35
56, 84, 45, 35
56, 85, 45, 35
55, 85, 45, 35
55, 84, 45, 35
56, 83, 44, 35
56, 82, 44, 35
56, 83, 44, 35
56, 83, 44, 34
57, 82, 43, 34
56, 82, 44, 34
57, 83, 43, 33
56, 83, 43, 33
56, 84, 43, 33
56, 83, 42, 33
56, 84, 42, 33
56, 83, 42, 33
58, 83, 41, 33
56, 82, 41, 33
56, 81, 41, 32
57, 79, 41, 32
56, 77, 41, 32
56, 76, 41, 32
56, 76, 41, 32
56, 76, 40, 32
56, 76, 40, 31
57, 76, 40, 31
56, 76, 41, 31
56, 78, 40, 31
55, 79, 40, 31
55, 81, 40, 31
54, 81, 40, 31
54, 83, 40, 31
55, 82, 39, 32
55, 84, 39, 31
55, 84, 39, 31
54, 83, 39, 31
53, 83, 39, 31
53, 82, 39, 30
53, 81, 39, 30
52, 80, 39, 30
52, 79, 39, 30
53, 79, 39, 30
52, 80, 38, 29
52, 81, 38, 29
51, 80, 38, 29
51, 80, 38, 29
51, 80, 38, 29
51, 81, 38, 29
50, 82, 38, 29
50, 81, 38, 29
50, 80, 37, 29
50, 80, 37, 29
50, 80, 37, 29
49, 80, 37, 29
49, 80, 37, 28
48, 80, 37, 28
48, 80, 37, 28
48, 80, 37, 28
47, 80, 37, 28
46, 80, 36, 28
46, 81, 36, 28
46, 80, 36, 28
45, 81, 36, 28
44, 81, 36, 28
44, 81, 36, 28
44, 81, 36, 28
44, 80, 36, 28
44, 80, 35, 27
43, 80, 35, 27
43, 79, 35, 27
43, 78, 35, 27
41, 78, 34, 27
41, 79, 34, 27
41, 80, 33, 27
41, 80, 33, 27
40, 79, 34, 28
39, 80, 33, 28
39, 80, 33, 28
38, 79, 33, 28
38, 79, 33, 28
37, 79, 34, 28
36, 79, 34, 28
37, 78, 34, 28
35, 78, 34, 28
35, 78, 34, 28
35, 80, 35, 27
34, 79, 35, 27
35, 80, 35, 27
35, 80, 35, 27
33, 80, 36, 26
32, 80, 36, 26
33, 80, 36, 26
32, 81, 37, 26
32, 82, 36, 25
31, 82, 37, 26
30, 82, 37, 26
29, 82, 36, 26
29, 82, 35, 26
29, 82, 35, 26
28, 82, 35, 27
27, 82, 35, 27
27, 82, 35, 27
27, 83, 35, 27
26, 83, 35, 27
26, 83, 34, 27
26, 85, 35, 27
24, 85, 35, 27
25, 85, 34, 27
24, 84, 35, 27
25, 85, 34, 27
23, 86, 34, 26
22, 86, 34, 26
24, 86, 33, 25
24, 86, 33, 25
23, 87, 33, 24
22, 86, 33, 24
22, 87, 33, 24
22, 87, 33, 24
22, 89, 35, 23
22, 89, 35, 23
21, 87, 36, 23
19, 85, 36, 24
18, 84, 36, 24
18, 83, 36, 24
18, 83, 36, 24
17, 82, 36, 24
17, 81, 35, 25
17, 80, 35, 26
17, 80, 34, 27
17, 81, 34, 27
17, 81, 34, 26
16, 81, 34, 26
16, 82, 34, 25
18, 82, 33, 25
19, 82, 33, 25
18, 83, 33, 25
18, 82, 32, 25
19, 83, 32, 25
18, 83, 32, 25
18, 82, 32, 24
17, 82, 32, 24
17, 81, 32, 24
18, 81, 32, 24
18, 81, 32, 24
18, 81, 32, 24
18, 82, 32, 24
18, 82, 32, 24
17, 84, 32, 23
17, 83, 32, 24
17, 83, 32, 24
18, 83, 31, 24
19, 84, 31, 24
18, 83, 31, 24
18, 82, 31, 24
18, 83, 31, 23
20, 82, 31, 23
19, 82, 31, 23
19, 82, 31, 23
18, 83, 32, 23
19, 84, 32, 23
20, 87, 33, 22
17, 84, 33, 23
16, 84, 34, 24
17, 82, 33, 24
17, 82, 33, 25
17, 78, 33, 26
16, 79, 32, 26
17, 79, 32, 27
20, 80, 32, 27
18, 80, 32, 27
20, 83, 31, 27
19, 83, 31, 27
19, 83, 31, 27
18, 83, 32, 27
18, 84, 32, 27
19, 84, 31, 27
19, 84, 31, 26
19, 85, 31, 25
20, 85, 31, 25
19, 84, 31, 24
21, 85, 31, 23
20, 84, 30, 23
21, 85, 30, 23
20, 85, 30, 22
20, 85, 30, 22
22, 85, 29, 22
22, 84, 29, 22
22, 83, 29, 23
22, 83, 29, 23
23, 82, 29, 22
23, 82, 29, 22
24, 81, 28, 22
25, 80, 28, 22
25, 80, 28, 22
25, 80, 28, 22
24, 79, 28, 22
24, 80, 28, 22
25, 82, 29, 23
24, 82, 28, 23
23, 81, 28, 24
24, 82, 29, 24
24, 82, 29, 24
23, 82, 30, 24
23, 81, 31, 24
24, 82, 31, 24
25, 82, 31, 24
25, 82, 31, 24
25, 81, 31, 24
26, 83, 31, 23
27, 82, 31, 23
25, 83, 31, 22
26, 83, 31, 22
26, 84, 32, 21
24, 81, 31, 22
25, 82, 31, 22
25, 82, 31, 22
25, 82, 31, 22
26, 82, 30, 22
26, 82, 29, 22
27, 84, 29, 21
26, 84, 30, 21
25, 84, 30, 20
26, 83, 30, 20
25, 84, 30, 20
25, 81, 30, 21
26, 82, 29, 21
26, 83, 29, 21
26, 83, 30, 20
27, 83, 29, 21
27, 82, 29, 22
26, 82, 30, 22
27, 82, 30, 22
26, 82, 30, 22
25, 83, 30, 22
25, 84, 30, 23
25, 84, 30, 23
26, 84, 30, 23
26, 85, 30, 23
27, 85, 29, 23
26, 85, 28, 23
27, 85, 28, 23
27, 86, 28, 22
27, 85, 28, 22
27, 86, 29, 22
27, 86, 29, 22
27, 83, 29, 22
27, 86, 28, 22
28, 83, 28, 22
27, 84, 28, 22
28, 85, 28, 22
29, 85, 27, 22
29, 86, 27, 21
29, 86, 27, 21
30, 86, 26, 21
30, 86, 26, 20
31, 87, 26, 20
31, 88, 26, 19
30, 88, 26, 19
30, 87, 26, 19
29, 87, 26, 19
29, 87, 26, 19
30, 87, 26, 19
29, 88, 26, 19
30, 88, 26, 19
30, 88, 26, 19
30, 87, 26, 18
30, 88, 26, 19
31, 88, 25, 19
31, 88, 25, 19
33, 88, 25, 19
33, 87, 25, 19
33, 87, 25, 18
33, 88, 25, 17
32, 87, 26, 17
33, 86, 25, 18
33, 87, 25, 17
34, 86, 25, 17
34, 86, 25, 17
34, 86, 24, 17
35, 87, 24, 17
35, 87, 24, 17
37, 87, 23, 17
37, 86, 23, 17
38, 86, 23, 17
40, 86, 23, 17
39, 86, 23, 17
40, 86, 23, 17
40, 86, 23, 17
40, 86, 23, 17
40, 86, 23, 17
42, 86, 23, 17
42, 86, 23, 17
43, 84, 23, 18
44, 84, 23, 18
43, 85, 24, 17
44, 85, 25, 17
45, 86, 24, 17
46, 84, 24, 18
46, 84, 24, 18
47, 84, 24, 18
48, 85, 24, 18
49, 82, 24, 19
49, 83, 24, 19
50, 83, 24, 19
52, 83, 24, 19
53, 83, 24, 19
53, 83, 24, 20
54, 83, 24, 20
56, 86, 24, 20
57, 86, 23, 20
58, 87, 23, 21
59, 88, 23, 21
58, 88, 24, 21
61, 88, 25, 21
61, 88, 25, 21
61, 86, 24, 21
62, 86, 24, 21
65, 85, 23, 21
65, 86, 24, 21
67, 86, 23, 20
66, 87, 24, 20
68, 87, 24, 20
68, 87, 24, 20
70, 88, 24, 19
71, 88, 24, 19
72, 86, 24, 19
73, 86, 24, 19
74, 85, 24, 19
76, 85, 24, 19
76, 85, 24, 19
78, 84, 24, 19
79, 84, 24, 19
80, 85, 24, 19
81, 85, 24, 19
83, 85, 24, 19
83, 85, 24, 19
84, 85, 24, 19
85, 85, 24, 19
86, 85, 24, 19
86, 85, 24, 19
87, 85, 24, 19
89, 85, 24, 18
89, 85, 24, 18
90, 85, 24, 18
91, 85, 24, 18
92, 85, 24, 18
92, 85, 24, 18
93, 85, 24, 18
94, 85, 23, 18
95, 84, 23, 18
96, 85, 23, 18
97, 84, 23, 18
97, 84, 23, 18
97, 85, 23, 18
99, 86, 23, 17
100, 85, 23, 18
100, 85, 22, 17
100, 84, 22, 18
101, 84, 22, 18
102, 84, 22, 18
101, 84, 22, 18
102, 84, 22, 18
103, 85, 21, 18
104, 86, 21, 19
104, 86, 21, 19
104, 86, 21, 19
104, 86, 21, 19
104, 86, 21, 19
105, 86, 21, 19
105, 86, 21, 19
105, 86, 21, 19
105, 86, 21, 18
104, 86, 22, 18
105, 87, 22, 18
106, 86, 22, 18
106, 86, 22, 18
105, 86, 22, 18
106, 86, 22, 18
106, 86, 22, 18
105, 85, 22, 18
106, 86, 22, 18
105, 85, 22, 18
106, 86, 22, 18
105, 85, 22, 19
105, 85, 22, 19
105, 85, 22, 19
105, 86, 22, 19
104, 86, 23, 19
104, 87, 23, 19
104, 87, 23, 19
104, 88, 23, 19
104, 88, 23, 19
104, 87, 23, 19
105, 88, 23, 18
104, 87, 23, 18
104, 88, 23, 17
105, 88, 23, 17
105, 88, 23, 17
105, 88, 23, 17
105, 88, 23, 17
105, 88, 22, 17
105, 88, 22, 17
105, 89, 22, 17
103, 89, 22, 17
104, 89, 22, 17
105, 88, 21, 17
103, 88, 22, 17
103, 88, 22, 17
103, 87, 22, 17
103, 87, 22, 17
103, 86, 22, 17
102, 86, 22, 18
102, 86, 22, 18
101, 86, 22, 18
102, 87, 22, 18
101, 87, 22, 18
101, 87, 22, 18
100, 88, 22, 18
100, 87, 22, 18
101, 87, 22, 18
100, 88, 22, 17
100, 88, 22, 17
99, 88, 22, 17
99, 88, 22, 17
100, 89, 22, 17
100, 89, 22, 17
100, 88, 23, 17
100, 87, 23, 17
100, 86, 23, 18
99, 85, 23, 18
100, 85, 23, 18
100, 85, 23, 18
100, 85, 22, 18
99, 84, 22, 18
100, 85, 22, 17
100, 84, 22, 17
101, 85, 22, 17
101, 85, 22, 17
101, 84, 22, 17
103, 83, 21, 17
103, 84, 21, 17
103, 83, 21, 17
103, 84, 21, 17
103, 84, 21, 17
103, 85, 21, 17
104, 85, 21, 17
104, 85, 21, 17
104, 84, 21, 18
104, 84, 21, 18
106, 85, 21, 18
106, 84, 21, 18
105, 85, 21, 18
106, 84, 21, 18
106, 84, 21, 18
107, 84, 21, 18
107, 83, 21, 19
108, 84, 21, 18
108, 83, 21, 18
108, 83, 21, 18
109, 85, 21, 18
109, 84, 21, 18
109, 84, 21, 18
110, 84, 21, 17
109, 85, 21, 17
111, 84, 21, 17
110, 85, 21, 17
110, 85, 21, 17
111, 85, 21, 17
110, 84, 21, 17
110, 85, 21, 17
111, 84, 21, 17
111, 85, 21, 17
111, 85, 21, 17
110, 84, 22, 17
110, 85, 22, 16
110, 83, 22, 16
110, 84, 22, 16
110, 83, 22, 16
110, 83, 22, 17
111, 83, 21, 17
111, 83, 21, 17
110, 83, 21, 17
110, 83, 21, 17
110, 85, 21, 17
110, 84, 21, 17
110, 84, 21, 17
110, 84, 21, 17
110, 83, 21, 16
109, 84, 22, 16
109, 84, 22, 16
109, 84, 22, 16
109, 84, 22, 16
109, 84, 22, 16
108, 85, 22, 16
108, 86, 22, 16
109, 86, 22, 16
110, 85, 21, 17
109, 85, 22, 17
108, 85, 22, 17
108, 85, 22, 17
109, 86, 22, 17
109, 85, 22, 17
108, 86, 22, 17
108, 85, 22, 17
108, 85, 22, 17
107, 86, 22, 17
107, 86, 23, 17
107, 85, 23, 17
107, 85, 23, 17
107, 84, 23, 18
108, 83, 23, 18
107, 85, 23, 17
107, 84, 23, 17
107, 85, 23, 17
107, 84, 23, 17
107, 85, 23, 16
108, 85, 23, 17
108, 85, 23, 17
108, 86, 23, 17
108, 84, 23, 16
107, 85, 24, 15
107, 86, 25, 15
107, 86, 25, 15
107, 85, 25, 15
108, 86, 25, 14
106, 86, 25, 14
106, 86, 26, 14
106, 86, 25, 14
105, 86, 25, 14
106, 86, 25, 14
106, 86, 25, 14
106, 86, 25, 14
105, 86, 25, 14
106, 86, 25, 14
106, 86, 25, 14
105, 85, 25, 14
105, 85, 25, 14
106, 85, 25, 14
104, 84, 26, 14
103, 85, 25, 14
104, 85, 24, 15
105, 85, 24, 15
105, 84, 24, 14
104, 84, 24, 14
104, 84, 24, 14
104, 84, 25, 14
104, 85, 25, 14
104, 85, 25, 14
105, 86, 25, 14
104, 86, 25, 14
104, 86, 25, 14
104, 84, 25, 14
103, 84, 25, 14
103, 84, 25, 14
104, 84, 25, 15
103, 84, 25, 15
103, 84, 24, 16
104, 85, 23, 16
104, 86, 23, 17
103, 86, 23, 17
102, 84, 24, 18
102, 84, 24, 18
103, 85, 23, 18
102, 84, 23, 18
102, 84, 23, 18
103, 84, 23, 18
103, 84, 23, 18
102, 84, 23, 18
103, 84, 23, 18
102, 83, 23, 18
102, 85, 23, 17
103, 85, 22, 17
102, 85, 23, 17
102, 86, 22, 17
103, 86, 23, 17
103, 87, 23, 17
102, 87, 23, 17
103, 87, 22, 17
103, 88, 22, 16
103, 87, 22, 17
103, 87, 22, 16
104, 86, 22, 16
104, 87, 22, 16
105, 87, 22, 16
104, 86, 22, 16
105, 86, 22, 17
105, 86, 22, 17
105, 86, 23, 17
105, 85, 23, 17
106, 85, 23, 17
106, 85, 23, 17
107, 84, 23, 17
106, 83, 23, 17
106, 83, 23, 17
107, 83, 23, 17
106, 83, 24, 17
107, 83, 24, 17
107, 82, 24, 18
107, 82, 24, 18
108, 83, 24, 18
108, 83, 24, 18
108, 84, 24, 17
108, 83, 24, 18
108, 83, 24, 18
109, 83, 24, 18
110, 83, 24, 18
110, 84, 24, 18
110, 84, 24, 18
110, 84, 24, 18
111, 84, 24, 18
111, 84, 25, 19
111, 84, 25, 19
112, 84, 25, 19
111, 84, 26, 18
112, 84, 25, 18
112, 85, 25, 18
113, 85, 25, 19
113, 85, 25, 19
113, 84, 25, 20
114, 87, 25, 20
114, 84, 25, 20
115, 84, 25, 20
115, 84, 24, 20
115, 84, 24, 20
117, 83, 23, 20
117, 82, 23, 20
118, 80, 23, 20
119, 81, 23, 20
118, 81, 23, 20
119, 81, 23, 20
119, 81, 23, 20
118, 80, 23, 20
119, 80, 23, 20
120, 80, 23, 20
120, 81, 23, 19
120, 81, 23, 19
120, 80, 23, 20
118, 80, 24, 20
119, 80, 24, 20
119, 80, 24, 20
119, 80, 24, 20
120, 81, 24, 19
121, 81, 24, 19
121, 79, 24, 20
121, 80, 25, 20
121, 80, 25, 20
120, 82, 27, 19
120, 82, 27, 18
119, 82, 28, 18
120, 82, 28, 18
120, 82, 28, 18
122, 82, 28, 18
123, 80, 27, 19
123, 83, 27, 19
126, 80, 26, 20
126, 83, 26, 20
128, 84, 25, 20
128, 84, 25, 20
129, 84, 25, 20
130, 84, 24, 20
131, 82, 24, 21
132, 82, 24, 21
132, 82, 24, 21
133, 82, 24, 20
134, 82, 25, 19
135, 80, 24, 20
137, 79, 24, 20
137, 80, 25, 19
138, 80, 25, 19
140, 81, 25, 19
140, 81, 25, 19
140, 81, 26, 18
140, 84, 27, 17
141, 84, 28, 17
142, 83, 28, 17
143, 83, 28, 16
145, 82, 27, 16
146, 83, 26, 16
147, 83, 26, 16
149, 83, 25, 17
150, 81, 24, 18
151, 81, 24, 18
152, 82, 24, 18
153, 82, 24, 18
153, 82, 24, 19
156, 84, 24, 19
156, 84, 24, 19
157, 84, 24, 19
157, 83, 24, 20
159, 84, 25, 19
159, 84, 25, 20
160, 83, 25, 20
161, 83, 25, 21
162, 82, 24, 21
163, 82, 24, 21
163, 81, 24, 21
163, 80, 25, 21
164, 81, 25, 21
164, 80, 25, 22
165, 80, 25, 22
166, 81, 25, 21
166, 81, 26, 21
166, 81, 26, 21
167, 81, 25, 21
167, 80, 25, 21
168, 82, 26, 21
167, 81, 26, 21
167, 81, 26, 22
168, 82, 27, 21
167, 82, 27, 21
168, 82, 27, 21
169, 82, 27, 21
169, 83, 27, 21
170, 82, 27, 21
171, 83, 27, 21
171, 83, 27, 21
170, 81, 28, 22
170, 82, 28, 22
170, 83, 28, 22
172, 83, 28, 22
173, 83, 27, 22
174, 83, 27, 23
174, 82, 27, 23
175, 81, 27, 22
174, 80, 27, 22
174, 80, 28, 22
174, 81, 27, 21
173, 81, 28, 21
172, 82, 28, 21
173, 82, 28, 21
173, 83, 28, 21
175, 84, 27, 20
175, 84, 27, 21
175, 84, 26, 20
176, 83, 26, 20
176, 83, 26, 20
176, 83, 26, 20
176, 82, 27, 20
176, 81, 27, 20
175, 81, 27, 20
175, 82, 27, 19
176, 83, 26, 19
176, 82, 26, 20
176, 83, 26, 19
177, 83, 25, 19
176, 84, 25, 19
177, 84, 25, 19
176, 84, 25, 19
176, 84, 25, 19
176, 84, 25, 19
175, 84, 26, 18
175, 85, 26, 17
173, 85, 27, 16
173, 85, 26, 17
173, 85, 27, 16
174, 85, 27, 16
174, 85, 26, 16
173, 84, 26, 16
173, 84, 26, 16
175, 83, 25, 16
175, 83, 25, 16
172, 82, 26, 16
173, 82, 25, 16
171, 83, 25, 15
173, 83, 25, 15
172, 85, 25, 15
172, 83, 24, 15
172, 85, 24, 15
171, 83, 24, 15
172, 84, 25, 15
171, 83, 25, 15
171, 83, 25, 15
170, 83, 26, 15
169, 82, 26, 15
168, 82, 26, 15
169, 82, 26, 15
168, 82, 26, 15
168, 82, 26, 16
167, 81, 26, 16
166, 82, 26, 16
167, 82, 26, 16
168, 82, 25, 17
167, 83, 26, 17
167, 83, 26, 17
168, 82, 25, 18
168, 83, 25, 18
168, 84, 25, 19
168, 85, 25, 19
169, 85, 25, 19
169, 85, 25, 19
169, 85, 25, 19
167, 86, 26, 19
168, 85, 26, 18
168, 86, 26, 19
168, 85, 26, 19
170, 82, 25, 19
170, 81, 25, 20
171, 79, 25, 21
171, 79, 25, 20
169, 80, 25, 20
170, 79, 25, 20
169, 81, 26, 20
169, 81, 26, 20
168, 79, 28, 20
168, 81, 29, 19
167, 81, 29, 19
167, 82, 28, 20
168, 81, 28, 20
168, 81, 28, 20
168, 81, 28, 20
167, 81, 28, 20
168, 81, 29, 20
169, 81, 29, 20
169, 81, 29, 20
170, 82, 28, 19
169, 83, 28, 19
170, 82, 28, 19
171, 81, 27, 20
170, 81, 27, 20
170, 80, 27, 20
171, 80, 27, 20
171, 80, 27, 20
172, 80, 27, 21
171, 78, 27, 21
171, 78, 27, 21
172, 77, 27, 21
172, 77, 26, 21
172, 76, 26, 22
171, 76, 26, 22
172, 76, 26, 22
171, 77, 27, 22
172, 77, 27, 22
172, 78, 26, 22
171, 78, 26, 22
171, 78, 26, 22
171, 78, 26, 22
171, 78, 26, 22
170, 77, 27, 22
170, 76, 27, 22
170, 76, 27, 22
170, 76, 27, 22
169, 75, 27, 22
170, 76, 27, 22
169, 76, 27, 21
169, 76, 27, 22
169, 74, 27, 22
169, 75, 27, 22
169, 75, 27, 22
169, 75, 27, 22
167, 74, 28, 22
167, 74, 27, 22
168, 74, 27, 22
167, 75, 27, 22
166, 74, 27, 22
166, 74, 27, 22
166, 73, 27, 22
166, 74, 27, 22
166, 73, 27, 22
165, 74, 27, 22
166, 73, 27, 22
164, 72, 27, 22
165, 71, 27, 22
165, 72, 27, 23
164, 71, 27, 23
164, 71, 27, 23
163, 71, 27, 23
163, 71, 27, 24
163, 71, 27, 24
162, 71, 27, 24
161, 72, 28, 24
160, 72, 28, 24
160, 71, 28, 24
160, 71, 28, 24
160, 72, 28, 24
160, 72, 28, 23
159, 72, 28, 23
160, 72, 28, 23
159, 73, 28, 23
159, 72, 28, 23
158, 72, 28, 23
157, 73, 28, 23
158, 74, 28, 23
158, 74, 28, 23
157, 73, 28, 23
159, 72, 27, 23
158, 72, 27, 23
157, 71, 28, 23
157, 70, 28, 23
157, 69, 28, 23
157, 68, 28, 23
156, 69, 28, 22
156, 68, 28, 22
156, 69, 29, 22
155, 69, 28, 22
155, 70, 28, 23
154, 70, 29, 23
155, 69, 29, 23
154, 70, 28, 23
154, 69, 28, 23
154, 70, 29, 23
154, 69, 29, 23
154, 69, 29, 23
154, 70, 29, 23
154, 69, 29, 24
154, 69, 29, 24
153, 70, 29, 24
153, 70, 29, 23
153, 69, 29, 24
153, 69, 29, 24
153, 68, 29, 24
151, 69, 30, 24
151, 69, 30, 24
152, 70, 30, 25
152, 70, 30, 25
151, 70, 30, 25
151, 70, 30, 25
150, 70, 30, 25
152, 69, 30, 25
152, 69, 31, 25
151, 69, 31, 25
151, 69, 30, 25
152, 69, 30, 25
151, 69, 31, 25
152, 68, 30, 25
151, 67, 30, 26
152, 67, 30, 26
152, 67, 30, 26
152, 67, 30, 26
152, 67, 30, 26
151, 67, 30, 26
152, 67, 31, 26
151, 67, 32, 25
