24
28
30
34
34
33
30
31
33
27
31
21
18
27
31
31
32
34
33
35
29
30
26
27
23
23
24
21
17
23
25
25
25
25
26
27
25
23
27
28
27
24
25
26
30
31
34
30
31
31
34
34
33
34
35
36
29
30
32
33
31
34
33
29
28
32
29
30
31
33
32
29
31
33
33
35
33
32
34
33
30
33
28
32
33
33
33
32
35
28
31
29
28
26
27
28
29
32
27
19
24
20
23
34
22
23
27
22
28
26
24
25
24
23
19
20
26
26
26
32
30
28
31
30
33
32
34
26
33
31
26
30
33
34
36
35
34
36
32
29
32
32
35
34
30
28
28
27
27
29
34
33
35
32
33
29
32
25
17
28
37
34
35
27
29
28
29
26
28
35
30
34
34
33
33
37
30
28
27
33
31
31
33
30
32
34
32
30
28
26
25
32
33
32
36
34
32
27
30
32
30
31
27
31
31
35
34
32
32
32
32
22
17
26
26
28
31
32
25
21
20
26
25
29
29
30
29
29
29
26
32
27
29
27
27
29
33
25
25
32
26
30
28
29
31
31
32
31
32
32
34
30
31
26
23
28
26
26
30
31
33
34
34
25
32
36
34
32
33
32
34
31
31
31
33
29
19
20
27
28
30
30
25
32
35
31
37
29
34
30
29
35
37
35
36
28
30
37
34
34
35
33
33
33
32
31
36
30
35
37
33
35
33
30
34
34
34
37
35
34
33
36
32
28
33
36
36
33
34
34
36
35
22
25
27
29
28
27
28
25
28
32
33
30
30
32
33
35
31
34
32
29
31
27
22
21
29
33
30
31
35
33
29
35
32
34
33
32
35
33
29
34
31
30
33
34
31
35
36
33
33
32
35
30
33
34
35
18
16
33
29
28
27
33
32
31
30
29
20
29
30
28
36
37
32
28
33
29
27
31
34
33
35
34
32
28
31
25
29
28
31
32
32
33
28
30
34
28
36
31
31
25
18
24
33
28
30
34
31
32
28
36
35
32
37
29
24
35
34
33
33
30
36
34
29
31
33
33
31
25
28
31
34
33
33
36
31
28
29
32
32
28
29
37
33
25
24
16
34
28
35
33
34
36
31
35
34
35
37
30
35
36
34
35
35
30
29
27
30
30
31
31
22
14
24
29
36
36
33
30
34
35
35
34
34
34
34
36
34
33
34
35
33
33
34
34
29
34
34
36
34
33
35
34
34
29
35
33
36
36
37
35
37
34
36
35
37
30
35
32
33
33
34
36
35
32
35
31
36
36
35
37
36
33
20
17
24
34
36
33
28
30
30
32
29
21
16
30
31
36
35
30
35
36
33
33
29
34
35
36
36
36
34
30
34
36
36
35
32
34
34
36
34
30
35
35
27
29
36
35
34
36
36
28
34
34
30
34
35
30
30
29
29
22
17
23
27
33
33
33
31
32
34
32
34
32
34
31
29
32
35
33
31
32
29
34
36
29
34
36
31
30
34
31
32
34
31
34
29
30
30
32
34
31
36
35
35
32
31
32
34
36
33
21
18
31
29
32
33
34
32
31
29
28
20
29
37
36
36
33
35
33
28
29
31
32
30
37
33
36
29
32
30
30
34
30
35
34
30
31
30
29
33
29
35
32
29
35
33
33
30
29
36
33
34
36
34
34
33
29
29
31
34
31
33
33
21
21
34
35
37
34
30
25
16
28
28
31
33
31
29
27
29
30
29
37
27
30
34
34
33
35
34
36
35
30
33
29
27
29
29
30
35
33
33
36
32
36
34
17
16
27
30
32
32
30
28
28
29
28
28
17
30
34
36
33
32
32
28
23
31
26
25
27
26
23
26
26
33
34
31
29
34
33
34
29
33
32
28
30
34
26
32
32
33
24
18
14
26
32
29
30
27
28
30
30
29
29
15
25
25
30
37
34
34
27
30
29
34
34
34
33
28
33
35
34
32
29
34
35
32
32
32
32
36
34
36
25
30
30
33
31
30
32
32
36
33
29
31
31
37
33
32
36
35
36
35
32
31
34
35
21
32
36
34
35
36
35
28
29
23
17
27
28
27
30
29
35
29
28
31
30
37
37
30
30
28
36
35
35
34
35
32
33
30
31
31
28
27
28
28
26
31
27
32
33
30
30
30
31
34
30
31
32
25
28
26
27
21
28
27
37
34
32
28
21
27
29
27
30
28
30
30
34
35
35
35
34
37
36
37
35
33
33
36
34
37
36
33
32
30
30
35
31
35
36
33
32
31
31
34
29
31
31
28
32
27
28
29
34
33
35
31
30
29
27
27
32
27
35
35
35
37
36
34
34
36
34
35
