18
27
35
36
30
29
28
33
35
32
26
25
25
25
25
26
26
28
24
29
25
25
26
24
23
24
24
24
23
23
21
24
24
20
16
28
31
36
35
35
35
35
35
32
34
35
28
30
29
30
20
16
25
27
25
29
27
29
27
28
34
34
33
36
34
36
36
36
35
36
35
35
35
35
35
35
32
31
30
30
30
29
31
28
29
30
33
34
29
30
32
34
34
34
35
35
35
36
36
36
35
35
34
35
32
30
30
34
28
28
27
29
27
27
27
30
28
28
29
33
33
35
35
33
35
36
36
36
22
22
18
31
36
32
30
28
27
29
28
29
26
24
27
28
23
20
22
23
34
34
35
36
36
34
36
33
33
34
34
35
35
33
27
27
30
30
31
26
26
30
29
29
35
31
34
32
35
30
32
30
34
35
34
32
33
30
28
28
28
28
28
31
30
35
36
29
35
34
35
33
32
35
34
33
36
37
35
35
36
34
31
33
31
32
28
20
14
28
29
29
29
32
30
29
31
35
36
34
29
26
33
29
20
20
23
28
31
32
32
26
28
30
33
28
32
31
32
34
36
36
27
31
35
32
34
35
35
32
29
31
31
31
30
31
32
28
28
31
32
32
29
29
30
31
29
28
32
33
29
30
31
31
34
36
34
35
35
34
34
33
30
31
35
35
34
30
27
29
25
27
27
26
31
27
29
31
36
16
18
27
32
34
30
30
29
36
30
29
34
33
31
30
32
33
36
37
33
33
31
32
32
30
30
32
33
33
35
34
36
35
30
32
31
34
30
29
30
28
32
36
35
28
33
33
29
33
32
32
32
30
33
29
35
34
36
34
36
35
35
29
35
29
30
33
30
31
29
30
31
30
26
29
28
27
27
29
34
31
30
31
21
18
29
28
29
33
32
33
32
29
34
32
28
26
28
26
19
15
24
27
25
30
35
34
35
36
35
32
35
35
36
32
35
36
37
33
31
31
26
27
25
28
32
32
31
34
37
35
34
35
34
36
38
35
32
34
29
35
32
35
34
31
29
29
29
29
28
35
36
34
36
37
34
36
35
34
34
32
35
20
16
29
28
32
31
32
28
26
30
30
31
27
28
26
28
18
15
30
31
31
28
31
33
35
35
34
34
33
31
34
34
31
35
35
34
32
32
33
31
33
27
31
32
32
35
35
31
35
33
31
29
32
30
33
31
33
29
28
33
34
34
34
36
33
29
34
28
29
27
30
30
30
33
34
35
36
33
31
28
32
33
33
35
24
18
29
30
31
34
34
30
28
31
28
36
27
27
27
24
20
17
27
33
33
29
31
35
35
34
33
30
33
32
33
35
35
36
36
28
27
31
34
34
31
31
28
29
29
32
32
36
34
29
28
31
33
34
34
31
31
33
32
30
36
33
36
31
32
29
32
31
31
32
27
31
32
34
29
34
33
35
32
29
34
35
34
32
35
32
35
22
18
25
29
28
32
31
27
26
27
30
32
27
25
29
26
19
16
