20
29
32
35
32
36
33
34
35
33
35
36
32
35
36
33
34
34
33
33
32
30
30
34
30
31
35
28
31
35
31
30
28
29
28
30
34
24
18
19
32
34
37
34
36
36
32
34
35
31
35
29
27
25
26
19
15
22
30
28
28
29
34
34
35
27
27
29
26
26
27
25
28
28
27
25
30
31
28
25
30
26
34
32
37
36
37
36
36
36
29
29
34
31
33
33
36
33
33
33
36
35
36
35
32
23
30
31
30
33
33
29
30
31
28
29
22
22
21
30
30
33
32
35
36
34
30
19
30
27
20
17
28
31
33
33
37
36
35
36
29
29
30
31
28
26
34
34
29
31
33
30
33
35
36
35
34
38
34
32
34
37
30
28
29
29
31
26
25
33
35
29
36
28
34
33
33
38
37
37
34
35
38
32
36
36
38
38
34
37
29
30
18
21
26
34
35
35
34
34
34
35
35
35
30
21
24
25
16
16
25
23
25
27
32
36
37
37
35
30
35
33
34
33
33
36
31
31
29
27
24
27
29
30
33
33
37
38
36
32
27
27
31
26
25
27
36
37
32
35
35
19
17
32
33
31
33
27
27
31
30
29
27
28
20
17
32
36
35
33
31
33
33
36
35
32
31
35
32
33
35
31
29
31
30
25
26
36
27
29
32
31
31
33
34
28
37
31
33
28
29
30
33
28
33
32
34
29
31
19
27
32
32
33
37
32
32
36
29
30
15
37
36
33
31
29
30
31
31
32
29
33
34
35
34
30
32
31
31
35
36
29
34
33
34
33
25
27
29
23
24
30
31
26
28
24
25
30
34
36
30
26
26
28
29
27
29
30
34
30
30
20
32
34
34
33
35
30
30
32
31
30
30
32
31
31
33
35
35
31
32
34
32
31
31
33
34
33
34
29
28
34
27
30
28
27
27
28
34
35
35
34
30
38
32
36
36
38
35
37
34
33
29
30
28
25
28
20
18
27
24
27
26
29
35
36
29
31
23
31
33
34
30
27
26
28
27
30
29
27
30
27
31
32
32
35
33
35
36
32
30
31
28
35
35
37
36
35
36
34
31
31
34
35
33
34
35
34
29
30
27
30
31
31
28
20
19
23
29
35
36
32
30
32
26
30
29
29
31
21
16
24
29
30
28
34
27
30
30
34
34
32
31
31
31
36
35
33
36
32
29
30
25
32
32
32
33
29
33
36
31
36
34
32
34
33
