20
36
37
38
37
38
37
37
33
35
26
26
29
27
26
24
28
27
23
26
24
27
28
30
28
24
18
14
28
36
36
37
34
34
35
36
33
33
36
30
28
31
27
30
19
20
23
31
33
34
36
35
34
35
36
36
31
37
35
34
35
35
34
35
29
33
30
29
32
30
29
27
31
33
33
34
36
34
35
34
35
34
34
29
35
37
31
35
37
35
36
38
32
30
33
28
27
31
29
28
29
30
29
31
33
34
33
35
34
35
29
36
20
16
30
30
28
30
31
27
28
31
32
32
35
28
29
20
18
29
33
35
32
33
37
36
30
27
31
29
29
34
37
36
35
37
37
35
28
33
33
35
36
36
35
31
33
32
31
35
27
30
32
31
32
29
30
30
36
36
37
33
33
35
29
35
36
31
34
32
31
33
31
35
34
34
33
33
35
27
20
24
27
30
31
36
31
27
29
18
30
29
31
32
35
36
36
36
36
30
30
31
30
30
29
29
29
34
31
32
33
33
36
32
30
36
37
37
31
36
35
31
30
31
31
32
33
30
30
36
35
26
35
35
30
34
32
36
35
36
31
31
30
32
30
29
29
20
17
30
33
30
35
36
34
34
31
31
21
20
29
29
31
30
32
33
35
35
35
36
36
35
37
36
34
35
33
36
35
35
30
30
28
25
29
37
36
36
36
35
32
35
36
32
32
36
37
37
33
35
30
28
28
29
28
29
34
32
19
23
24
36
30
31
38
36
35
35
29
28
27
31
26
19
20
24
27
35
35
35
35
34
32
37
32
33
36
36
35
37
36
36
38
38
33
34
28
34
30
30
34
34
29
30
29
28
37
36
34
32
36
34
36
34
37
36
35
35
35
37
36
33
33
35
31
34
29
28
28
31
33
32
31
28
32
34
37
35
37
32
37
30
36
35
35
36
36
31
36
32
20
19
26
30
28
29
31
30
30
34
32
26
30
29
36
35
34
37
36
31
33
31
31
35
30
30
33
35
37
37
36
30
33
31
30
24
35
30
34
36
36
32
33
34
35
35
35
35
32
29
27
29
35
30
30
31
34
36
31
36
33
30
34
31
33
31
33
29
34
35
33
33
35
36
37
22
14
24
28
32
29
30
33
35
31
33
31
28
27
27
28
21
19
30
30
29
35
34
35
37
33
30
30
28
28
31
32
32
36
32
31
34
31
33
30
32
37
37
36
36
37
35
32
29
28
27
35
35
32
32
32
32
33
31
32
35
36
31
34
35
36
34
34
36
37
37
33
34
33
29
26
29
27
34
28
28
30
31
19
18
28
33
31
34
36
34
34
33
35
35
34
29
30
31
30
23
20
21
26
24
26
27
29
31
32
30
31
34
33
36
35
30
36
35
35
35
34
35
29
29
28
30
25
25
31
34
30
34
36
32
33
35
24
33
33
32
31
33
36
27
28
31
33
32
29
27
29
27
33
28
25
26
28
32
28
32
32
36
34
34
32
35
36
35
36
34
19
15
32
36
27
21
28
27
29
29
23
26
31
30
19
18
30
32
36
38
34
36
36
36
34
35
38
35
36
37
35
32
31
28
30
29
29
28
30
28
31
35
37
34
34
34
34
35
36
36
34
36
38
34
33
37
33
34
36
28
28
27
29
32
25
30
27
28
28
34
29
29
29
34
32
31
32
29
37
26
29
31
30
28
30
30
29
30
29
18
14
30
28
31
37
31
34
36
33
34
35
31
31
30
30
21
11
25
29
26
29
27
26
