19
29
28
27
30
26
25
22
23
23
23
23
25
27
29
28
28
27
30
24
28
26
24
25
17
22
26
28
27
27
29
29
29
33
31
28
30
26
22
24
25
32
31
29
32
34
32
34
32
34
30
25
26
26
31
34
32
33
31
30
35
33
32
33
29
30
28
28
26
31
30
34
30
31
32
30
29
31
34
32
32
32
36
36
29
33
29
32
31
30
26
29
18
30
29
29
29
31
34
33
33
31
29
29
29
21
22
24
23
25
31
28
30
29
27
27
30
28
30
36
29
28
34
24
28
28
31
27
32
27
27
27
29
24
27
30
31
36
32
33
32
34
33
34
34
31
35
29
23
24
26
31
30
27
26
29
30
32
32
33
35
24
25
20
25
27
30
31
30
29
28
27
24
19
19
24
28
26
31
33
30
32
33
32
34
32
35
33
34
26
32
29
29
32
30
31
25
28
29
28
32
33
32
33
33
28
34
34
29
34
35
32
32
33
30
28
31
29
26
33
31
33
34
33
32
31
32
33
33
29
19
22
23
28
25
29
34
30
35
34
29
25
26
20
18
31
34
34
31
29
28
28
29
27
29
26
31
27
28
29
34
35
31
30
29
29
28
27
30
25
26
28
26
32
32
31
34
31
32
32
35
31
34
32
33
34
31
27
26
27
27
28
29
27
27
28
19
19
31
33
30
32
29
30
30
25
27
25
20
20
27
29
35
32
35
32
34
32
32
35
32
32
32
33
34
33
32
26
25
29
31
25
36
31
33
32
32
29
32
33
30
34
29
28
28
31
33
26
27
33
23
29
27
22
20
27
30
28
32
32
32
32
28
29
21
19
32
32
29
30
32
22
25
26
29
25
27
28
26
