22
35
32
30
28
33
32
31
29
27
25
30
27
27
17
22
25
27
27
25
25
28
31
23
25
35
33
35
33
29
30
33
33
27
31
33
33
34
33
33
34
35
33
30
28
31
36
34
29
29
28
28
27
28
31
33
35
35
33
32
33
34
30
25
28
33
33
35
21
19
30
28
32
28
29
30
32
30
25
27
18
30
27
27
27
33
32
34
32
31
30
36
31
35
32
31
28
29
30
30
33
32
32
30
29
35
31
32
34
33
34
35
35
33
28
31
29
30
31
30
32
32
35
31
34
35
34
33
32
31
32
37
34
35
20
18
29
26
25
28
32
32
32
30
33
33
34
32
29
27
27
30
32
30
32
33
35
36
31
35
32
35
33
33
33
34
30
33
29
25
27
29
31
30
31
29
28
35
35
35
36
33
33
35
34
31
34
35
34
33
28
33
31
28
29
33
22
19
27
30
35
35
35
33
35
31
28
29
24
18
25
30
34
33
30
32
29
33
34
33
32
34
34
32
32
28
32
34
35
30
34
30
37
33
35
35
30
28
30
26
31
33
33
34
33
33
34
30
31
30
33
35
33
33
33
33
30
36
34
34
32
29
29
33
28
32
35
35
19
27
28
30
31
35
35
33
36
35
32
27
29
26
21
27
27
28
31
31
34
30
32
25
30
33
34
37
33
37
28
35
33
35
35
36
33
34
32
31
32
33
30
29
29
29
31
30
35
35
35
37
36
33
34
35
32
37
32
35
34
35
29
29
30
33
34
31
31
19
25
28
34
32
36
29
36
32
28
26
26
33
35
35
27
26
24
27
26
27
29
33
30
29
28
32
31
28
32
27
31
31
32
27
34
34
32
35
30
34
34
34
33
32
29
27
26
26
28
19
18
28
28
31
29
30
30
29
29
30
25
29
33
28
28
28
31
30
31
28
28
33
33
33
32
33
34
35
35
34
34
35
35
34
36
35
35
35
36
35
31
33
28
36
34
18
29
34
35
34
33
32
35
35
34
34
26
27
23
17
26
26
28
31
31
30
31
29
29
29
33
32
30
32
35
34
32
26
31
32
35
32
30
31
28
33
30
30
31
32
28
30
27
29
29
31
33
33
35
36
34
32
29
37
29
36
33
34
35
34
31
31
30
29
28
30
29
18
20
30
35
33
32
34
33
34
33
33
29
27
23
19
28
31
33
20
24
29
26
30
31
32
30
30
29
29
28
27
34
33
33
33
34
32
32
34
33
30
28
30
32
35
34
31
32
27
31
30
35
34
32
32
35
32
30
31
30
31
31
31
29
35
34
34
32
28
26
27
28
18
26
30
36
32
32
32
31
26
28
24
23
33
35
31
32
26
29
29
30
31
31
29
30
