21
34
36
33
18
19
22
28
30
30
30
31
35
34
32
34
33
29
30
27
27
18
14
31
33
33
33
33
29
25
23
30
26
27
25
27
25
29
26
26
25
24
25
27
26
28
27
22
28
27
26
25
25
29
29
27
29
34
35
33
33
33
35
33
35
32
35
33
28
30
31
30
31
27
28
31
32
28
32
32
33
33
32
30
30
34
32
32
30
30
24
21
20
27
30
38
35
35
36
35
35
34
31
31
30
30
28
26
20
18
24
27
27
26
30
32
30
33
29
33
31
34
34
35
34
36
34
34
36
35
37
35
32
35
34
32
33
33
33
33
28
29
27
28
32
29
32
30
35
32
30
29
31
29
34
29
31
34
33
30
30
30
28
34
33
34
35
35
29
30
34
27
33
31
25
27
28
32
32
30
30
34
35
33
32
20
16
26
26
23
25
23
24
30
28
23
25
21
21
18
29
30
32
35
36
36
33
35
33
28
31
32
34
34
35
31
34
33
33
34
30
31
37
31
31
32
33
31
31
33
33
35
35
32
36
35
32
31
33
29
31
28
30
31
32
33
29
26
28
32
32
30
27
22
28
27
27
27
28
25
22
24
28
30
32
29
31
30
25
28
19
16
27
24
26
27
26
26
28
30
31
26
25
29
28
20
16
31
28
31
31
30
34
29
30
34
36
35
33
31
36
33
30
32
31
32
33
32
27
28
35
36
