21
27
30
29
35
35
35
35
36
34
35
35
33
32
35
34
33
30
19
13
26
27
31
34
33
35
31
32
23
25
27
24
23
17
18
21
25
26
26
27
28
27
28
29
25
27
27
27
28
28
28
25
24
31
34
37
33
29
30
31
32
34
29
32
33
31
36
35
33
33
34
37
35
34
35
31
34
31
31
36
34
32
30
31
31
32
32
30
28
35
35
33
31
33
32
34
36
35
33
35
32
34
36
34
30
29
32
32
31
36
36
29
22
15
29
36
36
30
29
29
33
34
33
35
30
29
28
29
28
17
18
27
36
35
35
33
34
33
34
35
35
33
35
36
36
34
25
29
33
31
32
33
35
38
36
33
36
38
33
37
33
36
36
35
35
36
33
35
33
29
31
32
29
33
35
34
34
32
37
34
36
36
38
33
35
36
35
35
34
36
33
34
29
30
33
31
33
32
32
36
31
34
37
31
35
37
34
19
16
28
28
34
35
31
32
31
31
34
29
30
30
29
17
18
28
29
34
36
35
31
31
33
31
33
31
30
33
35
34
32
35
35
34
37
36
35
36
37
38
34
34
31
31
28
34
32
31
32
33
32
28
28
34
36
36
34
35
37
32
34
32
31
33
34
27
30
31
37
36
30
28
27
29
35
33
35
37
32
33
32
31
18
16
34
31
35
28
30
35
36
35
30
29
30
28
20
16
28
30
33
35
35
34
31
36
35
33
33
35
37
35
35
35
32
33
35
37
32
34
32
32
31
31
31
28
33
34
31
34
36
33
35
33
34
31
38
34
34
36
35
34
31
31
31
33
30
29
29
35
37
33
36
36
30
31
34
34
33
33
33
34
34
33
37
30
35
30
30
30
31
29
35
34
35
35
20
18
27
29
34
34
34
30
34
35
34
32
29
27
28
28
28
18
16
27
28
32
33
35
35
34
36
36
33
33
29
29
29
31
30
31
33
33
35
34
33
31
34
34
33
33
34
33
35
34
35
34
35
32
30
34
31
33
30
32
32
36
38
32
28
31
36
34
35
36
31
34
36
33
35
36
28
31
33
34
31
34
33
30
35
34
37
36
