164, 121, 27, 23
164, 120, 27, 23
165, 121, 27, 23
165, 121, 27, 23
166, 120, 27, 23
166, 120, 27, 23
166, 120, 27, 23
165, 121, 28, 23
166, 120, 27, 23
167, 121, 27, 23
167, 122, 27, 23
166, 121, 28, 23
166, 122, 28, 23
166, 122, 28, 23
167, 121, 28, 23
167, 120, 28, 23
167, 121, 28, 23
168, 121, 28, 23
168, 121, 28, 23
168, 120, 28, 23
169, 122, 28, 23
170, 120, 28, 24
170, 121, 28, 23
169, 121, 29, 23
170, 121, 29, 23
170, 121, 29, 23
169, 120, 28, 23
169, 119, 28, 23
169, 119, 28, 23
170, 119, 29, 23
169, 120, 29, 23
169, 120, 29, 23
170, 121, 29, 24
169, 120, 29, 24
168, 121, 29, 24
169, 120, 29, 24
168, 120, 29, 24
169, 120, 29, 24
167, 119, 29, 24
168, 119, 29, 24
168, 119, 29, 24
167, 120, 29, 24
168, 122, 29, 24
167, 122, 30, 24
167, 123, 30, 24
167, 123, 30, 24
167, 123, 30, 24
168, 123, 29, 24
165, 124, 30, 24
166, 123, 30, 24
167, 123, 29, 24
168, 123, 29, 24
166, 121, 29, 24
167, 122, 29, 24
165, 122, 30, 24
166, 123, 30, 23
166, 122, 30, 24
166, 122, 30, 24
166, 123, 30, 24
165, 123, 30, 24
167, 123, 29, 24
166, 123, 29, 24
166, 122, 29, 24
167, 122, 29, 24
166, 121, 29, 25
166, 121, 29, 25
166, 120, 29, 25
166, 120, 29, 25
167, 120, 29, 25
165, 121, 30, 25
166, 121, 30, 25
166, 122, 30, 25
165, 122, 30, 25
166, 122, 30, 25
166, 121, 30, 25
166, 121, 30, 25
166, 121, 30, 25
165, 120, 30, 26
167, 120, 30, 26
167, 119, 30, 26
167, 119, 30, 26
167, 120, 30, 26
167, 119, 30, 26
167, 119, 30, 26
167, 118, 30, 27
167, 119, 30, 27
168, 120, 30, 27
167, 120, 30, 27
169, 120, 29, 27
169, 120, 29, 27
168, 120, 30, 27
169, 119, 30, 26
170, 119, 29, 26
171, 119, 29, 26
171, 120, 29, 26
171, 120, 29, 26
171, 120, 30, 27
171, 120, 30, 27
171, 121, 30, 26
171, 120, 31, 26
171, 120, 30, 26
171, 120, 31, 26
172, 121, 31, 26
171, 120, 31, 26
172, 121, 31, 26
172, 121, 31, 26
172, 120, 30, 26
172, 120, 30, 26
173, 119, 30, 26
172, 119, 30, 26
172, 120, 30, 26
173, 120, 30, 26
173, 120, 30, 26
174, 120, 29, 26
173, 120, 30, 26
173, 120, 30, 26
174, 121, 29, 26
172, 120, 30, 26
173, 121, 30, 26
173, 121, 30, 26
172, 120, 30, 26
173, 120, 30, 26
171, 120, 31, 26
173, 120, 30, 26
171, 121, 31, 26
172, 121, 31, 26
171, 122, 31, 25
170, 122, 32, 25
170, 123, 32, 25
169, 124, 32, 25
169, 125, 32, 25
169, 125, 32, 25
169, 123, 32, 25
169, 123, 32, 25
169, 122, 32, 25
169, 122, 32, 25
169, 121, 32, 26
169, 121, 32, 26
169, 120, 32, 26
170, 120, 32, 26
169, 121, 32, 26
170, 120, 31, 26
170, 120, 31, 26
169, 120, 31, 26
169, 119, 31, 26
169, 119, 31, 26
169, 119, 31, 26
169, 119, 31, 26
170, 119, 31, 26
169, 119, 31, 26
169, 119, 31, 26
170, 119, 30, 26
169, 119, 30, 26
169, 119, 30, 26
169, 119, 30, 26
170, 121, 30, 26
170, 121, 29, 26
171, 122, 29, 26
171, 121, 29, 26
171, 121, 29, 26
171, 121, 29, 26
171, 122, 29, 25
171, 121, 29, 26
171, 121, 29, 26
170, 122, 29, 25
170, 122, 30, 25
169, 121, 30, 26
168, 123, 30, 26
170, 123, 30, 25
168, 123, 30, 25
169, 122, 30, 26
169, 123, 30, 25
169, 123, 30, 25
168, 121, 31, 26
169, 122, 31, 26
168, 122, 31, 25
168, 120, 31, 25
168, 121, 30, 25
168, 121, 31, 25
168, 120, 30, 26
168, 119, 31, 26
168, 118, 31, 26
167, 118, 30, 26
168, 119, 30, 26
168, 119, 30, 26
167, 119, 30, 27
167, 119, 30, 27
167, 118, 31, 26
167, 118, 31, 26
166, 117, 30, 26
165, 117, 30, 26
166, 116, 30, 26
166, 116, 30, 26
166, 116, 30, 26
166, 116, 30, 25
165, 115, 30, 26
165, 115, 30, 26
164, 115, 30, 27
164, 115, 30, 26
165, 115, 30, 26
163, 114, 30, 26
163, 113, 30, 26
163, 113, 30, 26
162, 113, 30, 26
163, 113, 30, 26
162, 113, 30, 26
163, 114, 30, 26
162, 114, 30, 26
162, 115, 30, 26
161, 115, 30, 26
162, 116, 30, 26
161, 115, 30, 26
161, 116, 30, 27
161, 117, 30, 27
161, 118, 30, 27
161, 118, 30, 28
161, 119, 30, 28
160, 119, 31, 28
160, 119, 31, 28
160, 120, 31, 28
160, 119, 31, 28
159, 118, 31, 28
160, 118, 31, 28
158, 119, 31, 27
159, 119, 31, 27
158, 119, 31, 27
157, 119, 32, 27
158, 118, 31, 27
158, 119, 32, 27
158, 117, 31, 28
158, 116, 31, 28
159, 115, 31, 28
158, 115, 32, 28
157, 115, 32, 28
157, 116, 32, 28
158, 116, 32, 28
158, 116, 32, 28
158, 115, 32, 28
158, 114, 32, 28
158, 114, 32, 28
159, 114, 32, 28
159, 115, 33, 28
158, 115, 33, 28
158, 114, 33, 28
158, 114, 33, 28
158, 114, 33, 28
159, 113, 33, 28
159, 113, 33, 27
159, 111, 33, 28
159, 112, 33, 28
159, 111, 33, 28
160, 111, 33, 28
160, 111, 33, 28
160, 111, 33, 28
160, 112, 33, 28
160, 112, 33, 28
161, 113, 32, 28
161, 114, 32, 28
161, 114, 32, 28
161, 114, 33, 28
161, 113, 33, 28
162, 113, 33, 28
161, 112, 33, 28
163, 112, 33, 28
161, 112, 33, 28
163, 112, 33, 28
163, 112, 33, 28
163, 112, 33, 28
163, 113, 33, 28
163, 112, 33, 29
163, 112, 32, 29
164, 112, 32, 29
164, 112, 32, 29
164, 112, 32, 29
165, 113, 32, 29
165, 113, 32, 29
165, 113, 32, 29
166, 114, 33, 28
166, 113, 32, 29
166, 114, 32, 28
167, 114, 32, 28
166, 112, 32, 29
167, 113, 32, 29
168, 114, 32, 29
168, 114, 32, 29
168, 114, 32, 29
169, 114, 32, 28
169, 115, 32, 28
169, 114, 32, 28
169, 113, 32, 28
169, 114, 32, 28
170, 115, 32, 28
170, 115, 32, 28
170, 115, 32, 28
171, 114, 32, 28
170, 115, 32, 29
170, 115, 32, 28
171, 114, 32, 29
171, 114, 32, 29
171, 114, 33, 29
172, 114, 33, 29
172, 114, 33, 29
172, 114, 33, 28
171, 115, 33, 28
171, 114, 33, 29
171, 115, 33, 29
172, 116, 33, 29
171, 116, 33, 28
171, 115, 33, 29
171, 116, 33, 29
171, 116, 33, 29
171, 113, 33, 30
171, 115, 33, 29
171, 116, 33, 29
172, 116, 33, 29
171, 117, 33, 29
172, 116, 33, 29
171, 117, 33, 29
171, 117, 33, 29
171, 117, 33, 30
171, 116, 33, 30
171, 116, 33, 30
171, 115, 33, 30
171, 115, 33, 30
171, 116, 33, 30
170, 116, 34, 30
169, 115, 34, 30
169, 114, 34, 30
169, 114, 34, 30
169, 114, 34, 30
170, 114, 34, 30
169, 114, 34, 30
168, 115, 34, 30
169, 114, 34, 30
168, 115, 34, 30
168, 115, 34, 30
168, 115, 35, 30
167, 116, 35, 30
167, 116, 34, 30
167, 115, 34, 30
166, 116, 35, 30
166, 116, 35, 30
166, 116, 35, 30
165, 116, 35, 30
165, 115, 35, 30
164, 115, 35, 30
163, 116, 35, 30
163, 116, 35, 30
163, 118, 35, 30
162, 117, 35, 30
161, 117, 35, 30
160, 116, 35, 30
160, 116, 35, 30
160, 116, 35, 30
159, 115, 35, 30
159, 115, 35, 30
160, 115, 35, 30
160, 117, 35, 30
160, 116, 35, 31
159, 115, 34, 31
158, 116, 35, 31
159, 115, 35, 31
159, 115, 35, 30
159, 116, 35, 30
158, 115, 35, 31
160, 115, 35, 31
159, 114, 35, 31
159, 115, 34, 30
159, 114, 34, 30
159, 116, 34, 30
160, 114, 34, 30
159, 115, 34, 30
161, 115, 34, 30
160, 114, 34, 31
160, 114, 34, 31
161, 115, 34, 30
160, 115, 34, 31
161, 114, 34, 31
160, 114, 35, 31
160, 114, 35, 31
161, 114, 35, 31
160, 115, 34, 31
160, 114, 35, 31
161, 114, 34, 31
160, 115, 34, 31
162, 115, 35, 31
161, 115, 35, 31
161, 115, 34, 31
161, 115, 34, 31
161, 115, 35, 31
161, 113, 34, 32
162, 113, 35, 32
163, 114, 35, 31
162, 115, 35, 31
162, 116, 35, 31
162, 116, 35, 31
162, 116, 35, 31
161, 117, 36, 31
161, 117, 36, 31
161, 116, 36, 31
161, 117, 36, 31
161, 117, 36, 31
161, 118, 36, 31
161, 118, 36, 31
161, 116, 36, 31
161, 117, 36, 31
161, 115, 36, 32
161, 116, 36, 31
161, 118, 36, 31
160, 118, 36, 31
161, 117, 36, 31
161, 118, 36, 31
161, 117, 36, 31
161, 117, 36, 31
161, 117, 37, 31
161, 118, 37, 31
161, 116, 37, 31
161, 117, 37, 31
160, 116, 37, 31
161, 117, 37, 31
161, 116, 37, 31
162, 117, 37, 31
162, 117, 37, 31
162, 116, 37, 32
162, 117, 37, 31
161, 116, 38, 31
162, 117, 37, 31
161, 117, 38, 31
161, 115, 37, 31
162, 116, 37, 32
162, 116, 37, 32
161, 117, 38, 32
160, 116, 38, 32
161, 116, 38, 32
161, 116, 38, 32
162, 116, 37, 32
162, 116, 37, 32
162, 116, 37, 32
160, 116, 38, 32
161, 117, 38, 32
161, 117, 38, 32
161, 117, 38, 32
162, 117, 37, 33
160, 117, 38, 32
161, 116, 37, 33
161, 116, 37, 33
160, 116, 37, 33
161, 117, 37, 33
159, 117, 37, 33
160, 116, 37, 33
159, 117, 37, 33
158, 118, 37, 33
157, 118, 38, 33
155, 117, 38, 33
157, 117, 38, 33
155, 117, 38, 33
155, 118, 38, 33
155, 118, 39, 33
155, 118, 39, 33
154, 117, 39, 34
154, 116, 39, 34
153, 117, 39, 34
152, 118, 39, 33
151, 119, 40, 33
150, 118, 40, 34
150, 117, 40, 34
149, 117, 40, 34
149, 117, 40, 34
147, 118, 41, 34
147, 117, 41, 34
146, 116, 40, 34
145, 116, 40, 34
144, 116, 40, 34
144, 117, 40, 34
143, 116, 40, 34
142, 115, 40, 35
141, 115, 40, 35
141, 115, 41, 35
142, 114, 40, 35
139, 116, 41, 35
138, 116, 41, 35
138, 113, 40, 36
137, 112, 40, 36
138, 113, 40, 36
138, 114, 40, 36
137, 114, 40, 36
136, 115, 40, 35
136, 114, 40, 35
136, 113, 40, 35
135, 114, 40, 35
135, 114, 39, 35
135, 115, 39, 35
135, 115, 39, 35
135, 113, 39, 36
136, 112, 39, 36
135, 113, 39, 36
133, 113, 40, 36
133, 114, 40, 36
133, 113, 40, 36
134, 112, 39, 37
132, 111, 40, 36
133, 112, 40, 37
133, 112, 40, 36
133, 112, 41, 36
132, 112, 41, 36
132, 113, 41, 37
131, 112, 42, 37
131, 112, 42, 37
131, 112, 43, 38
131, 111, 43, 38
131, 111, 43, 38
129, 112, 44, 38
128, 111, 45, 38
128, 112, 45, 38
125, 112, 46, 38
124, 112, 46, 38
124, 111, 46, 38
123, 112, 46, 38
124, 112, 45, 38
123, 112, 45, 38
121, 113, 46, 38
123, 111, 46, 38
123, 112, 45, 39
122, 113, 45, 39
120, 112, 45, 39
121, 112, 45, 39
120, 113, 44, 38
120, 112, 43, 38
121, 112, 43, 38
120, 113, 43, 38
119, 113, 43, 38
119, 112, 43, 38
118, 113, 43, 37
119, 113, 43, 37
118, 113, 43, 37
117, 114, 44, 36
117, 113, 43, 37
114, 113, 44, 36
115, 114, 44, 36
113, 113, 44, 36
113, 114, 44, 36
112, 114, 45, 36
112, 114, 45, 36
111, 113, 44, 36
111, 113, 44, 36
110, 114, 44, 36
110, 115, 44, 36
108, 116, 45, 36
108, 115, 45, 37
106, 115, 46, 37
105, 116, 46, 37
104, 116, 47, 37
101, 116, 48, 37
98, 116, 50, 37
97, 115, 51, 37
97, 115, 51, 37
97, 114, 51, 37
97, 114, 51, 37
96, 116, 52, 37
96, 116, 52, 37
95, 115, 52, 37
95, 114, 52, 37
96, 114, 52, 37
95, 115, 52, 37
95, 116, 52, 37
95, 115, 52, 36
95, 116, 52, 35
96, 116, 51, 36
96, 116, 51, 35
94, 116, 52, 35
94, 116, 52, 34
94, 116, 52, 34
95, 116, 52, 34
94, 116, 51, 35
94, 114, 51, 35
94, 114, 50, 35
94, 114, 50, 34
95, 115, 49, 34
95, 116, 50, 33
94, 116, 49, 34
94, 116, 49, 34
95, 116, 49, 34
95, 116, 49, 34
95, 115, 48, 35
94, 116, 48, 34
95, 115, 48, 34
95, 115, 48, 34
94, 115, 48, 35
95, 115, 48, 34
96, 115, 48, 34
96, 115, 49, 34
95, 114, 48, 34
95, 114, 48, 34
95, 114, 48, 35
94, 115, 49, 35
94, 115, 48, 35
94, 114, 48, 35
95, 115, 47, 35
95, 114, 47, 35
96, 113, 47, 35
94, 114, 47, 35
94, 114, 47, 35
95, 114, 47, 35
95, 113, 47, 35
94, 114, 47, 35
94, 114, 47, 35
94, 114, 47, 35
95, 114, 47, 35
95, 114, 46, 35
95, 112, 46, 36
94, 111, 46, 36
93, 113, 46, 35
93, 114, 46, 35
94, 113, 46, 35
94, 113, 46, 35
94, 113, 46, 35
95, 114, 46, 35
94, 114, 47, 35
94, 114, 47, 35
93, 114, 47, 35
93, 114, 47, 35
94, 113, 47, 35
93, 113, 47, 35
93, 113, 47, 35
94, 112, 47, 35
93, 114, 47, 35
92, 114, 48, 35
93, 113, 48, 35
92, 114, 48, 35
93, 114, 48, 34
92, 114, 48, 35
93, 114, 48, 35
93, 114, 48, 35
92, 115, 48, 34
92, 115, 48, 34
92, 114, 48, 34
92, 115, 48, 34
92, 115, 48, 34
93, 116, 47, 34
92, 117, 47, 33
92, 117, 47, 33
92, 117, 47, 33
92, 117, 47, 32
92, 117, 46, 32
92, 118, 46, 32
92, 117, 46, 32
91, 118, 46, 31
92, 117, 46, 32
93, 117, 47, 32
93, 117, 47, 32
92, 118, 47, 32
93, 118, 47, 31
92, 118, 47, 32
91, 119, 47, 31
91, 118, 47, 32
91, 119, 47, 31
91, 119, 47, 31
91, 119, 47, 31
91, 120, 47, 31
91, 120, 47, 31
91, 120, 47, 31
90, 120, 46, 31
90, 121, 46, 31
92, 120, 46, 31
91, 121, 46, 31
91, 121, 47, 31
91, 121, 47, 31
90, 121, 47, 31
89, 121, 47, 31
88, 120, 46, 32
89, 120, 46, 32
89, 119, 47, 32
89, 119, 47, 32
89, 120, 47, 32
88, 120, 47, 32
88, 120, 47, 32
87, 120, 48, 32
87, 121, 47, 31
87, 121, 47, 31
87, 122, 47, 31
87, 122, 47, 31
87, 122, 47, 31
87, 122, 47, 31
87, 121, 47, 31
86, 121, 47, 31
86, 122, 47, 31
86, 122, 47, 31
86, 122, 47, 31
86, 121, 46, 32
85, 121, 46, 32
86, 121, 46, 32
85, 122, 46, 31
85, 122, 46, 31
85, 121, 47, 31
85, 121, 46, 31
84, 122, 46, 31
85, 122, 46, 31
85, 122, 46, 31
85, 122, 46, 31
85, 122, 46, 31
85, 122, 46, 31
85, 122, 46, 30
84, 122, 46, 30
85, 121, 46, 31
85, 120, 46, 30
84, 120, 46, 30
85, 121, 46, 31
85, 121, 46, 30
85, 121, 46, 30
86, 121, 46, 30
86, 121, 47, 30
85, 120, 47, 30
85, 120, 46, 31
85, 119, 46, 30
85, 120, 47, 30
85, 119, 47, 30
85, 120, 46, 30
85, 120, 46, 30
85, 120, 47, 30
85, 120, 47, 30
85, 120, 47, 30
86, 120, 47, 30
86, 119, 47, 30
85, 120, 47, 30
86, 121, 47, 30
87, 121, 47, 29
87, 120, 47, 30
86, 119, 47, 30
86, 119, 47, 30
86, 120, 47, 30
87, 120, 47, 30
87, 121, 47, 29
87, 120, 46, 30
88, 121, 47, 29
88, 120, 47, 29
88, 122, 47, 29
89, 122, 47, 29
90, 122, 47, 29
89, 121, 48, 29
88, 120, 48, 29
89, 119, 48, 30
89, 120, 47, 30
89, 120, 46, 30
90, 121, 47, 29
89, 120, 47, 30
91, 119, 47, 30
90, 120, 47, 30
89, 121, 48, 30
90, 122, 48, 30
90, 121, 48, 30
90, 120, 48, 30
91, 120, 47, 30
91, 120, 47, 30
90, 120, 47, 30
91, 120, 46, 30
91, 121, 46, 29
92, 120, 46, 30
92, 121, 46, 29
92, 121, 46, 29
92, 122, 46, 29
92, 122, 46, 29
93, 121, 46, 29
93, 121, 46, 29
93, 121, 46, 29
92, 121, 46, 29
93, 121, 46, 29
93, 122, 46, 29
93, 122, 45, 29
93, 122, 46, 29
93, 122, 46, 29
94, 122, 47, 29
94, 122, 46, 29
94, 122, 46, 29
94, 122, 46, 29
94, 122, 46, 29
93, 120, 46, 30
94, 121, 46, 30
95, 120, 46, 30
94, 120, 46, 30
94, 119, 46, 30
95, 119, 46, 30
95, 119, 45, 30
95, 119, 45, 31
94, 118, 45, 31
95, 120, 45, 31
96, 120, 45, 31
96, 120, 45, 31
96, 120, 45, 31
95, 119, 45, 31
96, 120, 45, 31
97, 120, 45, 31
96, 120, 45, 31
97, 118, 44, 32
98, 119, 44, 32
96, 119, 44, 32
97, 119, 44, 32
98, 120, 45, 31
98, 119, 45, 31
98, 118, 45, 32
98, 118, 45, 32
99, 118, 45, 33
98, 118, 45, 33
97, 118, 45, 32
97, 117, 45, 33
98, 118, 45, 32
97, 118, 45, 32
97, 118, 44, 33
97, 118, 44, 32
97, 118, 44, 32
96, 118, 44, 32
96, 119, 44, 31
97, 119, 43, 31
97, 120, 43, 31
97, 120, 43, 31
97, 119, 43, 31
97, 119, 43, 31
97, 120, 43, 31
96, 119, 43, 31
97, 119, 43, 31
97, 118, 44, 32
97, 117, 44, 32
96, 116, 44, 33
95, 116, 44, 33
96, 116, 44, 33
96, 116, 44, 33
95, 115, 44, 33
96, 115, 43, 33
95, 115, 42, 33
95, 117, 42, 34
95, 117, 42, 34
96, 116, 42, 34
97, 116, 42, 34
96, 117, 43, 35
96, 116, 43, 35
96, 116, 43, 35
95, 115, 43, 36
96, 115, 42, 36
96, 116, 43, 35
95, 117, 43, 36
96, 116, 42, 37
96, 116, 43, 36
96, 116, 42, 37
97, 116, 42, 37
95, 117, 43, 37
95, 115, 42, 38
96, 117, 42, 39
95, 116, 42, 39
95, 115, 42, 40
96, 115, 42, 40
96, 114, 42, 41
95, 115, 42, 41
96, 115, 43, 41
96, 114, 43, 41
95, 114, 43, 42
95, 113, 43, 42
95, 113, 43, 42
95, 113, 43, 42
95, 114, 43, 42
94, 113, 44, 42
93, 114, 44, 42
94, 112, 44, 42
93, 113, 44, 42
93, 114, 44, 42
93, 114, 44, 42
94, 112, 43, 42
93, 112, 43, 42
95, 112, 43, 42
95, 113, 43, 42
94, 112, 43, 42
94, 112, 43, 42
93, 113, 44, 42
94, 114, 44, 42
93, 113, 44, 42
94, 112, 44, 42
93, 112, 44, 42
94, 113, 44, 42
94, 113, 45, 42
94, 113, 45, 43
93, 113, 45, 43
93, 113, 45, 43
94, 113, 45, 43
93, 111, 45, 43
93, 111, 45, 43
92, 111, 45, 43
94, 113, 45, 43
93, 112, 45, 43
93, 113, 45, 43
94, 113, 45, 42
93, 113, 45, 43
93, 113, 45, 43
93, 113, 45, 42
93, 114, 45, 42
93, 114, 45, 42
93, 114, 45, 42
94, 114, 45, 43
93, 114, 45, 43
91, 116, 46, 42
94, 116, 45, 43
92, 115, 46, 43
91, 114, 46, 43
92, 113, 46, 42
92, 113, 46, 42
92, 113, 46, 42
92, 113, 46, 42
92, 113, 46, 43
92, 115, 47, 42
92, 114, 46, 43
91, 116, 47, 42
92, 114, 47, 42
92, 114, 47, 43
91, 113, 47, 43
92, 113, 47, 43
92, 113, 47, 43
91, 113, 47, 43
90, 113, 47, 42
91, 114, 47, 42
91, 114, 47, 42
91, 114, 47, 42
90, 114, 46, 41
91, 115, 47, 41
91, 114, 47, 41
91, 115, 47, 40
91, 114, 47, 40
90, 114, 47, 40
91, 115, 47, 40
91, 116, 47, 39
92, 116, 47, 39
92, 115, 47, 39
91, 116, 47, 39
90, 114, 46, 40
91, 116, 47, 39
92, 116, 47, 39
92, 115, 47, 39
91, 115, 47, 38
93, 115, 47, 38
92, 115, 47, 38
93, 115, 47, 38
93, 114, 47, 38
92, 115, 47, 38
93, 115, 47, 38
93, 115, 46, 38
93, 115, 46, 38
93, 114, 46, 38
94, 115, 46, 38
94, 115, 46, 39
94, 114, 46, 38
94, 114, 46, 38
94, 115, 46, 38
95, 115, 46, 39
95, 115, 46, 38
94, 116, 46, 39
95, 116, 46, 38
96, 116, 46, 39
95, 116, 46, 38
96, 116, 46, 38
97, 116, 46, 38
97, 116, 46, 39
97, 116, 46, 39
97, 117, 46, 39
96, 116, 46, 40
97, 116, 46, 40
97, 116, 46, 40
96, 116, 46, 39
97, 116, 46, 39
97, 116, 46, 39
97, 115, 46, 40
98, 116, 46, 39
97, 115, 46, 39
98, 114, 46, 40
98, 114, 46, 40
97, 113, 46, 40
98, 114, 46, 40
99, 115, 46, 40
98, 115, 46, 39
99, 114, 47, 40
98, 113, 47, 40
98, 114, 47, 40
98, 115, 47, 39
98, 115, 47, 39
98, 115, 47, 38
99, 115, 47, 39
99, 115, 47, 39
99, 114, 47, 39
99, 113, 47, 40
99, 114, 47, 39
98, 113, 47, 40
99, 114, 47, 40
98, 115, 47, 40
99, 115, 47, 40
98, 115, 47, 40
98, 116, 47, 40
98, 116, 47, 40
98, 116, 47, 40
97, 117, 47, 39
97, 116, 47, 40
96, 117, 47, 39
97, 118, 47, 39
95, 117, 48, 40
94, 117, 48, 40
94, 118, 48, 40
93, 117, 48, 40
92, 118, 49, 39
91, 118, 49, 40
92, 118, 49, 40
90, 117, 48, 40
89, 118, 49, 40
90, 117, 48, 40
89, 118, 48, 40
89, 118, 48, 40
89, 117, 48, 40
88, 118, 48, 40
88, 117, 48, 40
88, 117, 48, 40
88, 117, 48, 40
87, 117, 48, 40
87, 117, 48, 40
87, 117, 48, 40
86, 117, 48, 40
86, 117, 48, 40
87, 118, 48, 40
85, 116, 48, 40
86, 117, 48, 40
85, 117, 48, 40
85, 117, 48, 41
84, 116, 48, 40
85, 117, 48, 41
85, 117, 48, 40
85, 117, 48, 41
84, 117, 48, 41
84, 117, 48, 41
83, 116, 48, 41
85, 116, 47, 41
83, 116, 48, 41
85, 116, 47, 41
84, 115, 47, 41
83, 114, 47, 41
83, 115, 48, 40
82, 116, 48, 41
82, 116, 48, 41
83, 115, 47, 41
82, 115, 48, 41
84, 116, 47, 41
83, 115, 47, 41
82, 116, 48, 41
82, 116, 48, 41
83, 117, 48, 41
83, 117, 48, 41
83, 115, 47, 41
83, 115, 47, 41
83, 115, 47, 41
84, 116, 47, 41
83, 116, 47, 41
84, 116, 47, 41
84, 116, 47, 41
84, 117, 47, 41
83, 118, 47, 41
84, 119, 47, 41
84, 119, 47, 41
84, 119, 47, 41
84, 118, 47, 41
84, 119, 47, 41
85, 118, 47, 41
84, 118, 47, 42
85, 118, 47, 41
85, 119, 47, 41
85, 119, 47, 41
85, 119, 47, 41
83, 119, 48, 41
83, 120, 48, 41
85, 119, 47, 41
85, 118, 47, 41
83, 117, 48, 41
85, 117, 47, 41
84, 117, 48, 41
83, 117, 48, 41
84, 117, 48, 41
83, 117, 48, 41
85, 116, 47, 42
84, 117, 48, 41
83, 117, 48, 41
83, 118, 48, 41
84, 118, 48, 41
83, 118, 48, 41
82, 117, 48, 41
84, 116, 47, 42
83, 118, 48, 41
82, 117, 48, 41
83, 116, 48, 41
82, 116, 48, 41
82, 116, 48, 41
82, 117, 48, 41
82, 116, 48, 41
81, 117, 48, 41
82, 116, 47, 41
83, 116, 47, 41
82, 117, 47, 41
83, 116, 47, 42
81, 117, 48, 41
81, 117, 48, 41
81, 116, 48, 41
81, 116, 48, 41
80, 117, 48, 41
80, 117, 48, 42
80, 115, 48, 42
80, 115, 48, 41
80, 116, 48, 41
80, 116, 48, 41
80, 116, 48, 41
80, 116, 48, 41
79, 116, 49, 41
79, 116, 48, 41
80, 114, 48, 42
80, 115, 48, 41
79, 115, 48, 41
79, 115, 48, 41
79, 116, 48, 41
79, 115, 48, 41
80, 114, 47, 42
79, 114, 48, 42
78, 114, 48, 42
79, 114, 48, 42
78, 115, 48, 42
78, 115, 48, 43
78, 114, 48, 42
77, 115, 48, 42
78, 115, 48, 43
79, 115, 48, 43
78, 114, 48, 43
78, 115, 48, 43
78, 114, 48, 43
78, 115, 48, 43
78, 114, 48, 43
78, 114, 48, 43
77, 115, 48, 42
78, 115, 48, 42
78, 114, 48, 43
79, 116, 48, 43
78, 116, 48, 43
79, 115, 48, 43
78, 114, 48, 43
78, 113, 48, 43
79, 115, 48, 43
79, 115, 48, 43
78, 115, 48, 43
78, 115, 48, 43
79, 116, 48, 42
79, 116, 48, 42
78, 116, 48, 43
80, 116, 48, 43
78, 116, 49, 43
78, 116, 49, 42
80, 116, 48, 43
80, 115, 48, 43
80, 114, 48, 42
79, 113, 48, 42
80, 113, 48, 42
79, 113, 48, 42
80, 114, 48, 42
80, 114, 48, 42
79, 115, 48, 42
80, 115, 48, 43
80, 115, 48, 42
80, 116, 48, 42
80, 115, 48, 43
81, 114, 48, 43
79, 114, 48, 42
81, 115, 48, 43
80, 116, 48, 43
80, 116, 48, 43
80, 116, 49, 43
80, 116, 49, 43
80, 117, 48, 43
80, 117, 48, 43
79, 115, 48, 43
80, 115, 48, 43
80, 115, 48, 43
80, 115, 49, 43
79, 115, 49, 43
79, 115, 49, 43
80, 115, 49, 43
79, 116, 49, 43
79, 116, 49, 43
79, 116, 49, 43
80, 117, 49, 43
79, 117, 50, 43
77, 117, 50, 43
80, 117, 49, 43
79, 117, 49, 43
80, 116, 49, 43
79, 117, 49, 43
79, 116, 49, 43
79, 115, 49, 43
80, 115, 49, 43
79, 115, 49, 43
77, 116, 50, 43
79, 115, 50, 43
77, 116, 50, 43
78, 117, 50, 43
79, 116, 49, 43
79, 115, 49, 43
78, 116, 49, 43
78, 116, 49, 42
79, 117, 49, 42
78, 117, 49, 43
79, 115, 49, 43
79, 117, 49, 43
78, 118, 49, 43
80, 117, 49, 43
78, 118, 49, 42
79, 117, 49, 43
80, 117, 49, 43
78, 118, 49, 43
80, 118, 49, 43
78, 119, 49, 43
80, 118, 49, 43
79, 119, 49, 43
79, 118, 49, 43
80, 118, 49, 43
79, 118, 49, 43
80, 118, 49, 43
80, 118, 49, 43
79, 117, 49, 43
80, 117, 49, 43
80, 118, 49, 43
80, 119, 49, 43
81, 117, 49, 42
80, 116, 48, 42
81, 116, 48, 42
80, 116, 48, 42
81, 117, 49, 42
82, 117, 49, 42
81, 117, 49, 42
81, 117, 49, 43
81, 118, 49, 43
82, 117, 48, 43
82, 117, 49, 43
82, 118, 49, 43
83, 117, 49, 43
82, 116, 49, 42
82, 116, 49, 42
83, 116, 49, 42
82, 118, 49, 41
83, 117, 49, 42
83, 117, 49, 42
82, 117, 49, 42
82, 117, 49, 42
83, 118, 49, 42
83, 118, 49, 42
83, 118, 48, 42
83, 118, 48, 42
83, 120, 49, 41
84, 120, 49, 41
84, 121, 49, 41
84, 121, 49, 40
84, 121, 49, 40
83, 122, 49, 39
84, 122, 49, 39
84, 123, 49, 39
84, 123, 50, 39
83, 122, 50, 39
83, 122, 50, 39
85, 122, 49, 39
85, 122, 49, 39
85, 121, 49, 39
84, 121, 49, 39
85, 120, 49, 40
85, 119, 49, 40
85, 119, 49, 40
84, 119, 49, 40
85, 119, 49, 40
84, 118, 48, 40
85, 120, 48, 39
85, 121, 48, 39
85, 120, 48, 39
85, 119, 48, 40
85, 120, 48, 39
86, 119, 48, 39
84, 120, 48, 39
85, 120, 49, 39
85, 119, 49, 39
84, 119, 48, 39
86, 119, 47, 40
85, 120, 47, 40
85, 119, 48, 40
84, 120, 48, 39
85, 119, 48, 40
84, 120, 48, 40
84, 119, 48, 40
84, 119, 49, 39
84, 118, 49, 40
84, 120, 48, 39
84, 119, 48, 40
84, 119, 48, 40
84, 119, 48, 40
83, 120, 48, 39
84, 120, 48, 39
83, 120, 49, 39
84, 120, 48, 39
83, 121, 48, 39
84, 120, 48, 39
84, 119, 48, 39
83, 120, 49, 39
84, 120, 48, 39
83, 120, 49, 39
82, 119, 48, 40
83, 120, 48, 40
83, 119, 48, 40
83, 120, 48, 39
83, 120, 48, 39
82, 119, 48, 40
82, 119, 48, 40
83, 118, 48, 40
82, 119, 48, 40
84, 119, 48, 40
83, 119, 49, 40
83, 119, 48, 40
82, 120, 48, 40
83, 120, 48, 41
81, 119, 48, 41
82, 120, 48, 41
83, 119, 48, 41
82, 119, 48, 41
83, 118, 48, 41
82, 119, 49, 41
83, 119, 49, 41
82, 118, 48, 41
82, 118, 48, 41
82, 119, 48, 41
82, 119, 48, 42
82, 119, 48, 42
83, 121, 48, 41
83, 120, 48, 41
82, 119, 48, 41
83, 119, 48, 41
82, 118, 48, 41
82, 118, 48, 41
83, 117, 48, 41
82, 118, 48, 41
83, 116, 48, 42
82, 118, 48, 41
83, 117, 47, 41
83, 118, 48, 41
82, 118, 48, 41
82, 118, 48, 41
83, 117, 48, 41
82, 118, 49, 41
83, 118, 48, 41
83, 117, 48, 41
83, 117, 48, 41
83, 117, 48, 41
82, 117, 49, 41
82, 118, 49, 41
83, 118, 49, 41
83, 117, 48, 41
82, 117, 48, 41
83, 117, 48, 41
83, 118, 48, 41
83, 118, 48, 40
83, 118, 48, 40
82, 117, 48, 40
83, 116, 48, 41
84, 115, 47, 41
84, 115, 47, 41
82, 115, 48, 41
82, 114, 48, 42
82, 115, 48, 41
81, 114, 48, 41
81, 115, 48, 41
81, 117, 48, 41
81, 117, 48, 41
82, 116, 48, 41
80, 117, 48, 41
80, 118, 48, 41
80, 116, 48, 41
81, 115, 48, 42
80, 115, 48, 42
80, 116, 48, 42
79, 117, 48, 42
79, 116, 48, 43
79, 116, 48, 42
79, 116, 49, 42
78, 118, 49, 41
78, 118, 49, 41
78, 117, 48, 41
78, 117, 48, 41
78, 116, 48, 42
78, 117, 48, 41
77, 117, 48, 41
77, 117, 48, 41
77, 117, 48, 41
76, 117, 48, 40
75, 118, 48, 40
76, 118, 49, 40
75, 118, 48, 40
76, 117, 48, 40
75, 117, 48, 40
75, 117, 48, 40
75, 116, 48, 41
76, 117, 47, 42
75, 118, 47, 42
75, 118, 47, 42
75, 117, 47, 42
75, 117, 47, 42
74, 116, 46, 42
74, 116, 47, 42
74, 116, 47, 42
73, 115, 47, 42
73, 115, 46, 42
73, 115, 46, 42
71, 115, 46, 42
72, 115, 46, 42
72, 116, 46, 42
71, 116, 47, 42
70, 117, 47, 42
71, 116, 47, 42
69, 116, 47, 42
70, 117, 47, 41
69, 118, 47, 41
69, 116, 47, 41
69, 116, 47, 40
68, 116, 47, 41
67, 116, 47, 41
68, 116, 46, 41
67, 115, 47, 41
67, 115, 47, 41
66, 114, 47, 41
66, 113, 46, 41
64, 114, 47, 41
63, 114, 47, 41
63, 114, 47, 41
63, 114, 47, 41
63, 113, 47, 41
62, 112, 48, 41
60, 113, 48, 41
61, 114, 48, 41
62, 113, 48, 41
61, 112, 48, 41
59, 111, 49, 41
60, 111, 49, 41
60, 110, 48, 42
59, 110, 48, 42
59, 112, 49, 41
59, 113, 49, 41
59, 112, 49, 41
57, 112, 50, 41
57, 112, 50, 41
58, 112, 49, 41
57, 111, 49, 41
57, 112, 50, 41
58, 110, 50, 41
55, 113, 51, 40
55, 113, 51, 40
55, 112, 51, 41
55, 110, 51, 41
54, 112, 51, 41
55, 112, 51, 41
55, 112, 51, 41
53, 112, 52, 41
53, 111, 52, 40
54, 113, 52, 40
53, 111, 52, 41
54, 112, 52, 41
53, 111, 52, 41
52, 111, 52, 41
53, 109, 51, 41
52, 111, 52, 41
53, 110, 51, 41
51, 112, 52, 41
53, 112, 51, 41
52, 111, 51, 41
53, 112, 51, 41
53, 111, 51, 41
51, 112, 51, 41
52, 112, 51, 41
51, 110, 51, 41
51, 113, 51, 41
50, 110, 51, 41
51, 112, 51, 41
52, 112, 51, 40
50, 111, 51, 41
51, 111, 51, 40
51, 112, 51, 40
50, 111, 51, 40
51, 110, 51, 40
50, 111, 51, 40
49, 112, 51, 40
50, 112, 51, 40
49, 111, 51, 40
49, 111, 50, 40
49, 112, 50, 40
48, 112, 50, 40
48, 112, 50, 40
48, 111, 50, 40
47, 111, 50, 40
46, 114, 50, 39
48, 111, 50, 39
46, 112, 50, 39
47, 113, 50, 39
46, 113, 50, 39
48, 112, 50, 40
47, 114, 51, 39
46, 113, 51, 40
47, 113, 51, 40
47, 113, 51, 40
47, 112, 51, 40
47, 113, 51, 40
47, 115, 51, 39
46, 113, 50, 40
47, 114, 50, 39
46, 113, 50, 40
47, 113, 49, 40
46, 112, 49, 40
47, 113, 49, 40
46, 112, 49, 40
47, 113, 48, 40
47, 113, 49, 39
46, 114, 48, 39
45, 112, 48, 38
46, 113, 48, 39
45, 114, 48, 38
47, 113, 48, 38
47, 113, 48, 38
46, 114, 48, 38
46, 113, 48, 38
46, 113, 48, 38
47, 113, 48, 38
48, 112, 47, 38
48, 111, 47, 38
47, 112, 47, 38
48, 111, 47, 38
47, 112, 48, 38
47, 112, 48, 38
47, 112, 48, 38
47, 111, 48, 38
48, 111, 47, 38
49, 111, 47, 38
49, 111, 47, 38
48, 113, 47, 38
49, 112, 47, 38
49, 112, 47, 38
50, 112, 47, 38
50, 111, 47, 38
49, 112, 47, 38
49, 112, 47, 38
49, 112, 47, 38
49, 112, 47, 38
48, 113, 48, 38
49, 113, 47, 38
49, 113, 47, 38
49, 113, 47, 38
49, 113, 47, 38
49, 113, 47, 38
47, 113, 48, 38
48, 112, 48, 38
49, 113, 47, 39
49, 113, 48, 39
48, 113, 48, 39
47, 113, 48, 39
47, 112, 48, 39
48, 112, 48, 39
49, 111, 47, 40
49, 110, 47, 40
48, 110, 48, 40
48, 110, 48, 41
48, 110, 48, 41
49, 110, 47, 41
48, 110, 48, 41
47, 111, 48, 40
47, 111, 48, 40
48, 111, 48, 40
48, 112, 48, 39
47, 111, 48, 39
47, 112, 48, 38
48, 112, 48, 39
49, 112, 48, 39
48, 113, 48, 38
48, 112, 48, 38
48, 114, 48, 38
48, 113, 48, 38
49, 112, 47, 38
49, 112, 47, 38
49, 112, 47, 38
49, 113, 47, 38
50, 112, 47, 38
49, 112, 47, 38
49, 113, 47, 38
49, 113, 47, 37
50, 114, 47, 37
50, 114, 47, 37
51, 115, 47, 37
51, 112, 46, 38
51, 114, 47, 37
52, 112, 46, 38
52, 113, 46, 37
52, 113, 47, 37
52, 112, 47, 37
53, 112, 46, 37
51, 113, 46, 37
52, 113, 46, 37
53, 112, 45, 37
52, 112, 45, 37
52, 113, 46, 37
53, 113, 46, 37
53, 114, 46, 37
54, 114, 46, 37
53, 113, 46, 36
54, 112, 46, 37
54, 112, 46, 36
53, 112, 46, 36
54, 113, 46, 36
54, 114, 46, 37
55, 113, 45, 36
54, 113, 46, 37
54, 113, 46, 37
55, 113, 46, 37
55, 114, 46, 37
56, 113, 46, 37
55, 114, 46, 37
56, 115, 46, 37
55, 115, 46, 37
56, 114, 46, 37
55, 115, 47, 37
55, 115, 47, 37
56, 113, 46, 37
55, 115, 46, 37
56, 114, 47, 37
55, 114, 46, 37
56, 114, 47, 37
55, 114, 47, 37
53, 113, 47, 37
54, 113, 46, 37
55, 113, 46, 37
54, 113, 46, 37
55, 111, 46, 37
55, 113, 46, 37
54, 111, 46, 37
55, 110, 45, 38
55, 111, 45, 38
55, 111, 44, 38
55, 111, 45, 38
54, 111, 45, 38
55, 110, 45, 38
54, 111, 45, 38
54, 113, 46, 37
54, 113, 46, 38
53, 113, 46, 38
53, 114, 47, 38
53, 112, 46, 38
53, 113, 46, 38
56, 114, 45, 37
57, 113, 43, 37
55, 113, 43, 37
57, 113, 43, 37
56, 113, 43, 37
56, 112, 43, 37
57, 111, 43, 37
56, 112, 43, 36
57, 111, 43, 36
56, 111, 43, 37
57, 111, 43, 36
56, 111, 44, 36
56, 112, 44, 36
56, 113, 43, 36
57, 113, 43, 35
57, 113, 44, 36
57, 113, 43, 36
56, 113, 44, 36
57, 114, 44, 36
57, 113, 44, 36
58, 114, 44, 36
56, 114, 44, 36
58, 114, 44, 36
58, 113, 44, 36
57, 113, 44, 36
58, 114, 44, 35
58, 113, 44, 36
58, 113, 45, 36
59, 113, 45, 37
57, 113, 45, 38
56, 113, 46, 38
56, 114, 47, 38
55, 113, 47, 38
56, 113, 48, 39
50, 112, 51, 38
49, 114, 52, 36
49, 113, 52, 36
48, 114, 54, 36
48, 114, 54, 36
47, 115, 55, 35
46, 115, 55, 35
45, 115, 56, 35
45, 115, 56, 35
47, 115, 55, 35
48, 116, 54, 35
50, 115, 52, 35
51, 115, 52, 36
52, 115, 51, 36
53, 115, 50, 36
52, 114, 50, 37
52, 114, 50, 36
52, 113, 50, 36
53, 113, 50, 36
52, 113, 50, 37
53, 113, 50, 37
55, 112, 49, 37
55, 112, 49, 37
54, 113, 50, 36
54, 113, 50, 36
54, 114, 50, 36
55, 113, 50, 36
54, 115, 51, 35
54, 113, 50, 36
55, 113, 50, 36
55, 113, 50, 36
56, 113, 49, 37
55, 112, 49, 37
52, 113, 50, 36
54, 114, 50, 36
54, 115, 51, 35
52, 115, 51, 34
53, 115, 51, 34
53, 115, 51, 34
54, 114, 50, 34
53, 114, 51, 34
53, 115, 52, 34
51, 115, 52, 34
50, 116, 52, 33
52, 117, 52, 33
51, 117, 52, 33
52, 117, 52, 33
52, 116, 52, 33
52, 117, 51, 33
54, 115, 51, 33
52, 116, 52, 33
53, 117, 51, 33
53, 118, 51, 33
51, 117, 51, 33
51, 116, 50, 34
52, 117, 49, 34
51, 116, 50, 34
51, 117, 50, 33
52, 117, 51, 33
52, 116, 51, 34
52, 116, 51, 34
50, 117, 51, 33
50, 115, 51, 33
49, 115, 52, 33
50, 116, 52, 33
50, 115, 51, 35
51, 113, 51, 35
50, 113, 51, 35
48, 113, 51, 35
48, 113, 52, 35
49, 113, 53, 35
50, 113, 53, 35
51, 112, 53, 35
49, 112, 53, 35
49, 111, 52, 36
49, 111, 52, 36
50, 112, 51, 36
52, 113, 50, 35
52, 113, 49, 35
52, 114, 49, 35
51, 114, 50, 34
49, 114, 50, 34
49, 116, 50, 33
50, 115, 50, 33
50, 114, 51, 33
50, 114, 52, 33
48, 113, 52, 34
49, 113, 52, 34
49, 112, 52, 34
48, 112, 52, 34
47, 112, 52, 35
49, 112, 51, 35
47, 112, 52, 35
49, 112, 51, 35
48, 112, 51, 35
48, 113, 50, 35
49, 111, 51, 36
48, 114, 51, 35
48, 114, 52, 34
48, 114, 52, 35
47, 113, 53, 35
47, 114, 53, 34
48, 114, 53, 34
47, 114, 53, 35
48, 114, 52, 35
47, 113, 52, 36
49, 113, 51, 37
48, 111, 51, 38
49, 111, 51, 38
51, 112, 51, 39
49, 111, 52, 39
49, 111, 52, 40
48, 110, 52, 40
49, 112, 52, 40
50, 113, 52, 41
48, 111, 52, 40
51, 114, 51, 40
53, 115, 51, 40
52, 114, 51, 40
53, 113, 50, 41
53, 111, 50, 41
53, 111, 51, 41
53, 109, 51, 40
54, 109, 51, 40
52, 109, 52, 40
54, 109, 52, 40
54, 110, 52, 40
53, 110, 52, 40
53, 110, 52, 40
55, 111, 52, 39
55, 110, 52, 40
55, 110, 52, 40
54, 110, 52, 40
55, 107, 51, 40
55, 111, 52, 40
57, 110, 51, 39
55, 110, 52, 39
58, 111, 51, 40
54, 109, 51, 40
58, 111, 51, 40
57, 110, 51, 40
57, 111, 51, 41
56, 108, 51, 40
57, 110, 50, 40
57, 111, 50, 40
58, 110, 50, 40
59, 111, 50, 41
59, 110, 50, 40
59, 111, 50, 40
59, 111, 50, 40
59, 111, 50, 40
60, 109, 49, 40
62, 112, 49, 39
58, 112, 49, 39
62, 112, 49, 39
60, 113, 48, 39
62, 114, 48, 39
61, 113, 48, 39
62, 112, 48, 39
62, 112, 48, 39
62, 112, 48, 39
61, 112, 48, 40
61, 111, 48, 40
62, 112, 48, 40
61, 113, 49, 40
62, 113, 49, 40
62, 112, 49, 40
64, 113, 48, 40
62, 114, 49, 40
63, 113, 48, 40
62, 113, 48, 41
62, 112, 49, 41
61, 112, 49, 41
60, 112, 49, 40
60, 113, 50, 40
59, 112, 50, 40
60, 113, 50, 40
58, 113, 50, 40
60, 113, 50, 41
58, 114, 51, 40
58, 112, 50, 41
59, 115, 51, 41
60, 112, 50, 42
59, 113, 51, 42
59, 112, 51, 42
58, 113, 51, 42
59, 113, 50, 42
57, 112, 50, 41
59, 114, 51, 41
57, 113, 51, 41
56, 111, 51, 41
59, 114, 51, 41
57, 113, 51, 41
59, 114, 50, 41
58, 114, 50, 41
58, 112, 50, 41
60, 112, 50, 41
58, 113, 50, 41
60, 113, 50, 42
59, 113, 50, 42
59, 114, 51, 41
59, 115, 51, 41
59, 113, 51, 41
59, 114, 51, 41
60, 114, 51, 41
60, 113, 51, 41
60, 114, 51, 41
58, 111, 51, 41
62, 111, 50, 41
60, 112, 50, 42
60, 112, 50, 42
61, 112, 50, 42
60, 111, 50, 42
61, 111, 50, 42
61, 112, 51, 42
62, 112, 51, 42
62, 112, 50, 42
61, 112, 50, 42
62, 111, 50, 42
61, 111, 50, 42
61, 112, 50, 41
62, 111, 49, 41
61, 113, 50, 41
61, 113, 50, 41
60, 112, 50, 41
60, 113, 50, 41
61, 113, 50, 41
60, 113, 50, 42
60, 114, 50, 41
60, 114, 50, 42
59, 112, 50, 42
60, 112, 49, 42
59, 113, 50, 42
59, 112, 50, 42
58, 113, 50, 42
58, 112, 51, 42
57, 112, 51, 42
58, 112, 50, 42
58, 112, 50, 42
59, 111, 49, 42
57, 112, 50, 42
58, 111, 49, 42
58, 111, 49, 42
58, 110, 49, 42
56, 110, 50, 42
56, 111, 50, 42
60, 112, 49, 43
58, 111, 49, 43
57, 111, 50, 43
57, 110, 50, 43
59, 112, 50, 43
60, 111, 49, 43
59, 110, 49, 44
59, 109, 50, 44
60, 108, 49, 45
60, 108, 50, 44
61, 109, 50, 44
61, 110, 50, 44
61, 108, 50, 44
62, 110, 50, 44
63, 110, 50, 44
62, 110, 50, 44
63, 111, 50, 44
64, 112, 50, 44
64, 113, 50, 43
65, 111, 49, 43
65, 111, 49, 43
66, 112, 49, 43
65, 112, 49, 43
66, 112, 49, 43
65, 112, 50, 43
65, 110, 49, 43
65, 111, 49, 43
66, 110, 49, 44
67, 110, 48, 44
67, 110, 48, 45
68, 111, 48, 45
69, 110, 47, 45
70, 110, 46, 45
71, 111, 46, 45
69, 113, 46, 45
70, 113, 46, 45
70, 114, 46, 45
70, 113, 46, 44
72, 113, 45, 45
71, 112, 45, 44
72, 111, 45, 44
70, 111, 45, 43
70, 109, 45, 43
71, 108, 45, 43
71, 109, 45, 43
69, 108, 45, 43
69, 109, 45, 43
70, 107, 45, 43
69, 109, 45, 43
68, 108, 45, 43
69, 107, 45, 43
68, 108, 45, 43
68, 107, 45, 43
68, 109, 45, 43
68, 107, 45, 43
66, 108, 46, 43
67, 107, 46, 44
67, 109, 46, 43
67, 108, 45, 43
67, 107, 45, 43
67, 106, 45, 44
67, 106, 45, 44
67, 107, 45, 44
67, 109, 45, 43
65, 108, 46, 43
66, 109, 46, 43
66, 108, 46, 43
66, 108, 46, 43
65, 108, 46, 43
67, 109, 45, 43
67, 109, 45, 43
67, 108, 45, 43
66, 108, 45, 43
66, 108, 45, 43
65, 108, 46, 43
66, 107, 46, 43
65, 109, 46, 43
65, 107, 46, 42
64, 108, 47, 42
66, 108, 46, 43
65, 108, 46, 43
65, 108, 46, 43
64, 108, 46, 43
64, 108, 46, 43
64, 107, 46, 43
64, 107, 46, 43
64, 107, 46, 43
64, 107, 46, 43
63, 108, 47, 43
63, 106, 46, 43
63, 106, 46, 43
63, 107, 46, 43
62, 108, 47, 43
62, 107, 47, 43
63, 109, 47, 43
61, 107, 47, 43
61, 108, 47, 43
62, 108, 46, 43
61, 107, 47, 43
61, 107, 47, 44
60, 106, 47, 44
61, 107, 47, 44
59, 106, 47, 44
60, 108, 47, 43
59, 108, 47, 43
59, 109, 47, 43
58, 109, 48, 43
59, 110, 48, 43
58, 109, 48, 43
57, 110, 48, 43
57, 110, 48, 43
56, 110, 49, 43
58, 110, 49, 43
57, 110, 49, 43
57, 111, 49, 43
57, 110, 49, 43
56, 109, 49, 43
58, 110, 49, 43
57, 109, 48, 43
57, 110, 48, 43
57, 110, 48, 43
56, 109, 48, 43
55, 111, 48, 43
56, 111, 48, 43
56, 111, 48, 43
57, 109, 48, 43
56, 110, 48, 42
56, 111, 48, 42
54, 110, 48, 42
56, 110, 48, 42
55, 112, 48, 42
54, 110, 48, 42
53, 110, 49, 42
53, 111, 49, 41
51, 112, 50, 41
51, 112, 50, 40
52, 113, 49, 40
51, 112, 49, 40
52, 113, 49, 40
51, 111, 49, 40
51, 111, 49, 40
51, 113, 49, 40
52, 111, 49, 40
51, 112, 48, 40
52, 110, 48, 40
52, 111, 48, 41
54, 111, 47, 41
54, 112, 47, 41
54, 112, 47, 41
53, 111, 47, 42
53, 112, 47, 41
54, 112, 47, 41
53, 112, 48, 42
54, 111, 47, 42
54, 111, 47, 42
54, 111, 47, 42
55, 111, 47, 42
55, 112, 47, 41
54, 112, 47, 41
55, 112, 47, 41
53, 113, 48, 41
54, 113, 47, 40
54, 112, 47, 40
55, 112, 47, 40
54, 113, 48, 40
53, 115, 49, 39
52, 112, 49, 40
51, 112, 50, 40
51, 112, 50, 40
50, 113, 50, 40
50, 113, 50, 40
51, 114, 50, 39
50, 114, 50, 39
52, 114, 50, 40
50, 116, 51, 37
50, 117, 51, 36
49, 117, 51, 35
50, 117, 51, 35
50, 118, 50, 35
52, 116, 48, 36
52, 116, 49, 36
51, 116, 49, 35
50, 114, 49, 36
49, 117, 50, 35
50, 118, 49, 34
52, 116, 47, 36
52, 117, 47, 35
54, 115, 46, 36
54, 115, 46, 37
56, 116, 46, 37
56, 116, 45, 38
55, 116, 46, 38
55, 116, 46, 38
57, 115, 45, 38
57, 115, 45, 39
58, 115, 45, 39
59, 116, 45, 39
58, 117, 45, 39
58, 116, 45, 38
59, 116, 45, 38
59, 115, 45, 38
60, 116, 45, 38
60, 115, 44, 38
61, 116, 44, 38
61, 116, 43, 38
62, 117, 43, 38
62, 116, 43, 38
63, 117, 43, 38
63, 117, 42, 38
63, 117, 42, 38
65, 115, 42, 38
65, 115, 42, 38
65, 115, 42, 37
66, 117, 42, 37
67, 118, 42, 37
66, 117, 42, 37
67, 116, 42, 37
68, 116, 42, 37
68, 117, 42, 37
68, 118, 42, 37
70, 118, 42, 37
70, 119, 42, 37
70, 119, 42, 37
71, 119, 42, 36
72, 120, 42, 36
72, 119, 42, 36
73, 117, 42, 36
74, 117, 42, 36
75, 118, 42, 35
75, 117, 42, 35
75, 116, 42, 36
76, 116, 42, 36
76, 117, 42, 36
77, 117, 42, 36
77, 117, 42, 36
77, 117, 42, 37
79, 118, 42, 36
79, 118, 42, 37
79, 118, 42, 37
80, 118, 42, 37
81, 117, 42, 36
82, 117, 42, 36
82, 117, 42, 35
83, 116, 41, 36
85, 116, 41, 36
85, 117, 41, 36
87, 117, 40, 36
87, 117, 41, 36
87, 117, 41, 36
89, 117, 41, 36
89, 117, 41, 36
90, 116, 41, 36
90, 115, 41, 37
91, 114, 41, 36
91, 114, 41, 36
93, 114, 41, 36
92, 114, 41, 36
93, 115, 41, 37
94, 115, 41, 37
95, 116, 41, 37
96, 116, 41, 37
95, 117, 41, 37
95, 117, 42, 37
96, 118, 42, 36
96, 118, 42, 36
96, 117, 42, 36
97, 116, 42, 37
99, 118, 41, 36
98, 119, 42, 36
97, 119, 42, 36
99, 118, 41, 36
98, 118, 41, 36
100, 118, 41, 36
99, 119, 41, 36
99, 119, 41, 36
100, 118, 41, 36
99, 116, 41, 36
98, 116, 41, 36
99, 116, 41, 36
99, 116, 41, 36
98, 116, 40, 37
99, 114, 40, 36
98, 115, 40, 36
99, 115, 41, 36
98, 117, 41, 36
98, 117, 41, 36
97, 118, 41, 36
97, 117, 41, 36
98, 118, 41, 36
97, 124, 41, 36
96, 122, 42, 36
95, 122, 42, 37
96, 121, 41, 37
97, 116, 41, 37
96, 115, 41, 36
96, 116, 41, 36
95, 117, 40, 37
95, 115, 41, 36
96, 115, 41, 37
95, 115, 40, 37
94, 115, 40, 37
95, 114, 40, 36
94, 115, 40, 36
94, 115, 40, 36
94, 116, 40, 35
94, 115, 40, 35
94, 115, 40, 35
94, 116, 40, 35
93, 115, 40, 35
94, 115, 40, 35
93, 115, 40, 35
93, 117, 40, 35
94, 117, 41, 35
93, 117, 40, 35
93, 117, 41, 35
92, 115, 41, 35
93, 116, 41, 35
93, 116, 41, 36
92, 116, 41, 36
92, 116, 41, 36
93, 116, 41, 36
92, 117, 41, 36
93, 116, 41, 36
92, 117, 41, 37
93, 116, 41, 36
93, 115, 41, 36
93, 115, 41, 36
92, 117, 41, 36
93, 116, 41, 36
93, 116, 41, 36
92, 116, 40, 36
93, 117, 40, 36
92, 116, 40, 37
93, 117, 41, 36
93, 116, 40, 37
93, 116, 41, 37
93, 116, 41, 37
93, 116, 41, 37
92, 114, 41, 37
93, 116, 41, 37
93, 115, 41, 37
93, 116, 41, 37
94, 115, 41, 37
93, 116, 41, 37
93, 115, 41, 37
94, 116, 41, 37
93, 114, 41, 38
93, 116, 42, 37
93, 115, 41, 37
93, 114, 41, 38
95, 112, 41, 38
95, 112, 41, 38
94, 113, 42, 38
94, 115, 42, 37
95, 115, 42, 37
95, 115, 42, 37
96, 116, 43, 37
97, 115, 43, 37
96, 116, 43, 37
97, 115, 43, 37
97, 116, 43, 37
98, 115, 43, 37
98, 115, 43, 37
98, 114, 43, 38
97, 114, 44, 37
98, 114, 43, 37
98, 114, 44, 37
98, 115, 43, 37
99, 114, 43, 38
99, 114, 43, 38
99, 114, 43, 38
98, 115, 44, 37
98, 115, 44, 38
99, 117, 44, 37
97, 116, 44, 37
97, 116, 44, 37
98, 115, 44, 38
98, 115, 43, 38
98, 115, 43, 38
97, 116, 44, 38
97, 116, 44, 37
98, 115, 44, 38
98, 114, 44, 38
98, 115, 44, 38
99, 114, 43, 38
101, 114, 43, 38
100, 115, 43, 38
101, 115, 43, 38
101, 115, 42, 38
101, 115, 42, 38
101, 116, 42, 38
101, 117, 42, 37
102, 117, 42, 37
101, 115, 42, 38
101, 116, 42, 38
101, 117, 42, 37
102, 116, 42, 38
101, 116, 43, 38
103, 116, 43, 38
102, 116, 42, 38
103, 117, 43, 38
102, 117, 43, 38
102, 117, 43, 39
102, 117, 43, 38
102, 116, 43, 38
100, 115, 44, 39
103, 116, 43, 39
102, 117, 44, 39
101, 117, 44, 39
102, 116, 44, 39
101, 116, 44, 39
102, 116, 45, 38
102, 117, 45, 38
102, 115, 45, 39
102, 116, 45, 38
101, 116, 45, 39
101, 116, 45, 39
101, 116, 45, 39
102, 115, 44, 40
101, 116, 45, 39
100, 115, 45, 39
100, 114, 45, 40
101, 113, 45, 40
102, 113, 45, 40
100, 115, 45, 41
100, 115, 46, 41
100, 113, 45, 41
102, 113, 45, 41
100, 113, 45, 41
102, 114, 45, 41
100, 113, 45, 41
100, 113, 45, 41
99, 111, 45, 42
101, 111, 45, 42
99, 112, 44, 42
100, 111, 45, 42
100, 111, 45, 42
100, 112, 45, 42
99, 111, 44, 42
99, 110, 45, 42
99, 110, 44, 42
100, 112, 44, 42
99, 111, 44, 43
98, 111, 44, 43
100, 110, 44, 43
99, 109, 44, 44
99, 109, 44, 45
99, 109, 44, 44
98, 109, 45, 44
99, 110, 45, 43
98, 109, 45, 44
99, 110, 45, 44
98, 110, 45, 44
99, 111, 45, 44
97, 112, 46, 44
97, 112, 46, 44
97, 112, 46, 44
97, 113, 46, 44
98, 114, 47, 43
97, 114, 47, 43
98, 113, 47, 43
98, 113, 47, 44
97, 113, 47, 44
96, 116, 48, 43
95, 115, 48, 44
95, 115, 48, 43
95, 116, 48, 43
96, 116, 48, 43
95, 114, 48, 44
97, 113, 48, 44
97, 113, 47, 45
95, 114, 48, 44
95, 113, 48, 44
96, 114, 49, 44
96, 114, 49, 45
96, 114, 49, 44
95, 114, 49, 44
97, 114, 49, 44
95, 112, 48, 45
95, 115, 48, 44
95, 114, 48, 45
96, 115, 48, 45
94, 114, 48, 45
95, 113, 48, 45
96, 113, 48, 45
95, 114, 48, 45
95, 113, 48, 45
95, 113, 48, 45
95, 113, 48, 45
95, 113, 48, 45
94, 111, 48, 46
94, 111, 48, 46
95, 112, 48, 46
94, 112, 48, 46
95, 111, 47, 47
94, 111, 48, 47
94, 111, 48, 47
95, 111, 47, 47
94, 110, 48, 47
95, 110, 47, 47
94, 109, 48, 47
93, 110, 48, 46
93, 109, 48, 47
91, 110, 48, 47
91, 110, 48, 47
93, 111, 48, 47
92, 111, 49, 46
92, 110, 48, 47
92, 110, 48, 47
91, 111, 48, 47
91, 111, 48, 47
90, 112, 48, 46
91, 111, 49, 46
89, 111, 49, 47
91, 112, 49, 47
90, 112, 49, 47
89, 112, 49, 47
89, 112, 49, 47
89, 112, 49, 47
89, 114, 50, 47
88, 113, 51, 47
88, 114, 51, 47
88, 113, 51, 47
87, 114, 51, 47
88, 113, 52, 47
88, 113, 51, 48
88, 113, 52, 48
89, 113, 53, 48
89, 112, 52, 48
89, 111, 53, 48
89, 111, 52, 48
88, 113, 52, 48
89, 112, 52, 48
89, 113, 52, 48
90, 113, 52, 48
90, 114, 53, 48
88, 113, 54, 48
90, 112, 54, 48
90, 114, 54, 48
90, 113, 54, 48
90, 113, 54, 48
91, 114, 54, 47
92, 115, 54, 47
92, 114, 54, 48
93, 114, 54, 48
93, 114, 54, 47
94, 114, 54, 47
95, 115, 54, 47
95, 113, 54, 48
96, 113, 54, 48
97, 114, 54, 47
96, 115, 54, 47
97, 114, 55, 47
98, 115, 55, 48
98, 113, 55, 48
97, 114, 55, 48
97, 115, 56, 48
99, 114, 55, 48
98, 113, 56, 48
98, 113, 57, 48
97, 115, 57, 49
98, 114, 57, 49
99, 112, 57, 50
100, 112, 57, 50
100, 114, 57, 50
101, 114, 57, 51
101, 114, 58, 50
101, 113, 58, 50
101, 114, 58, 50
101, 113, 58, 50
102, 112, 58, 50
102, 114, 58, 50
103, 113, 58, 50
103, 114, 58, 50
102, 114, 58, 50
103, 113, 58, 50
103, 115, 58, 50
105, 116, 57, 51
103, 115, 58, 51
104, 116, 58, 51
104, 114, 58, 51
105, 115, 58, 51
104, 115, 58, 51
105, 115, 58, 51
106, 114, 58, 51
107, 113, 57, 51
107, 114, 57, 51
107, 112, 57, 51
107, 111, 57, 52
105, 111, 57, 52
107, 110, 57, 52
106, 110, 57, 53
103, 110, 58, 53
104, 110, 58, 54
105, 109, 58, 54
105, 109, 57, 54
104, 110, 58, 54
102, 110, 58, 55
103, 112, 58, 55
102, 113, 58, 55
101, 112, 58, 55
101, 111, 58, 55
101, 111, 58, 54
99, 111, 58, 54
100, 111, 58, 54
99, 112, 59, 53
97, 110, 59, 53
97, 111, 60, 53
97, 112, 60, 53
97, 112, 60, 53
97, 111, 59, 54
97, 112, 59, 54
98, 112, 59, 54
96, 111, 60, 54
96, 111, 60, 54
97, 109, 60, 54
97, 111, 61, 54
97, 109, 60, 54
96, 109, 61, 54
97, 109, 61, 54
98, 109, 61, 55
98, 110, 60, 54
98, 109, 60, 54
99, 109, 60, 54
100, 111, 60, 53
98, 111, 60, 53
100, 111, 60, 53
100, 111, 59, 53
101, 111, 59, 53
101, 111, 59, 53
101, 112, 59, 53
102, 114, 59, 53
102, 114, 59, 53
102, 115, 60, 53
105, 113, 59, 53
104, 115, 60, 53
104, 112, 59, 52
105, 111, 59, 52
106, 109, 59, 52
104, 109, 59, 52
106, 108, 59, 52
106, 110, 59, 53
106, 109, 59, 53
106, 109, 58, 53
106, 110, 58, 53
107, 109, 58, 53
106, 110, 58, 53
106, 111, 58, 53
107, 111, 58, 53
106, 111, 58, 53
107, 111, 58, 53
106, 111, 58, 53
106, 114, 58, 52
107, 113, 58, 52
106, 114, 58, 51
106, 114, 58, 51
107, 113, 58, 51
107, 113, 58, 50
108, 112, 57, 50
106, 112, 58, 49
106, 110, 58, 50
108, 110, 57, 50
105, 111, 58, 50
105, 110, 58, 50
104, 109, 58, 50
104, 110, 59, 50
103, 109, 59, 50
103, 111, 59, 51
101, 112, 59, 51
102, 112, 60, 50
101, 113, 60, 50
100, 114, 60, 51
100, 113, 60, 52
99, 114, 60, 51
101, 113, 59, 51
99, 113, 60, 50
99, 113, 60, 50
100, 114, 59, 50
99, 112, 58, 50
99, 113, 58, 50
99, 112, 58, 50
99, 112, 58, 50
99, 113, 58, 51
98, 112, 57, 50
100, 114, 57, 50
99, 115, 57, 50
100, 114, 57, 50
99, 117, 58, 49
99, 117, 58, 49
100, 116, 57, 49
99, 116, 57, 49
100, 116, 57, 48
98, 114, 57, 49
100, 114, 57, 49
99, 115, 57, 49
99, 114, 56, 50
100, 117, 57, 49
99, 116, 56, 49
100, 115, 56, 50
99, 117, 56, 49
100, 117, 56, 49
100, 117, 56, 48
100, 116, 56, 48
100, 116, 56, 48
101, 116, 55, 48
100, 115, 55, 48
99, 115, 55, 48
101, 116, 55, 49
100, 116, 55, 48
101, 116, 55, 49
100, 115, 54, 49
101, 114, 54, 50
101, 114, 54, 50
99, 117, 54, 49
101, 117, 55, 49
101, 116, 54, 49
100, 116, 54, 49
99, 116, 54, 49
100, 117, 55, 49
100, 117, 55, 48
101, 118, 55, 48
100, 118, 55, 47
99, 117, 55, 47
100, 117, 55, 47
100, 117, 55, 47
99, 117, 54, 47
99, 117, 55, 47
99, 116, 55, 47
99, 117, 55, 47
99, 117, 55, 47
98, 116, 55, 48
98, 115, 55, 48
98, 116, 55, 48
99, 116, 55, 48
97, 115, 55, 48
98, 117, 56, 47
98, 117, 55, 47
97, 116, 55, 47
98, 118, 55, 47
97, 117, 55, 47
97, 116, 55, 47
96, 117, 54, 47
97, 115, 54, 48
96, 116, 54, 48
98, 115, 53, 48
97, 115, 53, 48
96, 114, 54, 48
96, 115, 53, 48
95, 116, 54, 48
96, 114, 54, 48
96, 116, 53, 48
96, 115, 53, 48
97, 115, 53, 48
96, 114, 53, 48
96, 114, 53, 48
96, 115, 53, 48
97, 115, 53, 48
97, 115, 52, 49
97, 112, 52, 50
97, 115, 52, 50
96, 116, 52, 49
97, 114, 52, 50
97, 114, 52, 49
97, 113, 52, 50
97, 113, 53, 50
97, 113, 53, 50
98, 114, 53, 49
98, 114, 53, 49
98, 114, 52, 49
99, 116, 53, 49
99, 116, 52, 49
99, 114, 52, 48
99, 114, 52, 48
99, 115, 52, 48
100, 113, 52, 48
101, 114, 51, 48
101, 112, 52, 48
100, 113, 52, 48
102, 115, 52, 47
103, 114, 52, 47
103, 113, 52, 47
103, 114, 52, 46
103, 113, 52, 47
103, 115, 52, 47
103, 115, 52, 46
104, 114, 52, 46
104, 116, 52, 46
105, 115, 52, 46
105, 114, 51, 46
106, 115, 51, 46
107, 115, 51, 46
106, 114, 50, 46
107, 113, 50, 46
107, 115, 50, 46
107, 116, 50, 45
108, 116, 50, 45
108, 116, 50, 45
108, 114, 50, 46
108, 115, 50, 46
108, 115, 50, 46
109, 117, 51, 46
109, 116, 50, 47
109, 115, 50, 47
110, 116, 50, 47
109, 115, 50, 47
110, 117, 50, 47
110, 116, 50, 47
109, 115, 50, 47
109, 116, 50, 47
109, 115, 50, 47
109, 116, 50, 47
110, 117, 50, 46
110, 117, 51, 46
110, 116, 50, 47
110, 116, 50, 47
110, 116, 50, 47
109, 116, 50, 46
109, 115, 50, 47
109, 116, 50, 46
109, 116, 50, 46
109, 116, 50, 47
109, 116, 50, 47
111, 114, 49, 48
111, 115, 49, 47
110, 114, 49, 47
110, 116, 50, 46
109, 114, 50, 47
110, 115, 50, 46
108, 115, 51, 47
109, 115, 51, 47
109, 115, 51, 47
109, 113, 51, 47
108, 114, 51, 47
107, 113, 52, 47
108, 114, 51, 47
107, 114, 51, 47
108, 112, 51, 47
108, 113, 51, 46
107, 113, 51, 46
106, 114, 51, 45
105, 112, 50, 45
106, 113, 50, 45
106, 114, 51, 45
106, 113, 51, 45
106, 114, 51, 45
105, 113, 51, 46
105, 114, 51, 45
105, 112, 51, 46
103, 112, 50, 46
104, 112, 50, 46
104, 111, 51, 46
104, 113, 50, 45
104, 112, 51, 45
104, 112, 51, 45
103, 111, 51, 45
103, 110, 51, 46
103, 111, 51, 45
103, 109, 51, 46
103, 110, 52, 46
100, 109, 52, 46
102, 111, 52, 46
101, 109, 52, 46
102, 110, 52, 46
100, 112, 52, 46
101, 110, 52, 46
101, 110, 52, 47
102, 110, 52, 47
101, 110, 52, 47
101, 109, 52, 47
100, 108, 52, 47
101, 109, 52, 46
100, 108, 53, 47
100, 107, 52, 47
100, 109, 52, 47
100, 107, 52, 47
99, 108, 53, 47
98, 107, 52, 47
99, 107, 53, 47
101, 109, 53, 47
98, 108, 53, 47
99, 110, 53, 47
98, 107, 53, 47
97, 109, 53, 47
98, 110, 53, 47
98, 108, 53, 48
95, 111, 54, 47
94, 112, 54, 47
96, 112, 53, 47
96, 113, 53, 47
96, 112, 53, 47
93, 115, 53, 47
95, 115, 53, 47
95, 114, 53, 47
93, 116, 53, 47
91, 114, 53, 47
93, 116, 53, 46
91, 114, 53, 46
92, 116, 53, 46
92, 117, 53, 46
90, 115, 53, 46
92, 116, 53, 47
88, 117, 54, 46
89, 115, 53, 47
88, 116, 54, 46
88, 116, 54, 46
87, 114, 54, 46
87, 115, 54, 46
88, 115, 54, 46
88, 114, 53, 47
87, 114, 53, 47
87, 113, 53, 47
88, 113, 53, 46
85, 112, 53, 46
87, 112, 53, 46
86, 111, 53, 46
86, 110, 54, 46
85, 110, 54, 46
85, 112, 54, 46
84, 111, 54, 46
84, 110, 54, 46
83, 110, 54, 46
83, 109, 54, 46
84, 110, 54, 46
83, 111, 54, 46
83, 110, 54, 46
83, 111, 54, 46
83, 110, 54, 46
82, 109, 54, 46
82, 110, 54, 46
82, 111, 54, 47
82, 111, 54, 47
81, 110, 54, 46
80, 110, 54, 46
82, 111, 53, 47
81, 111, 53, 47
82, 110, 53, 47
81, 110, 53, 46
81, 109, 53, 47
82, 108, 53, 47
81, 109, 53, 47
80, 109, 54, 47
81, 108, 53, 47
82, 108, 53, 48
81, 108, 53, 47
81, 107, 53, 48
81, 108, 53, 48
81, 109, 53, 48
81, 108, 53, 48
79, 108, 53, 48
80, 108, 53, 48
81, 108, 53, 48
80, 108, 53, 48
81, 111, 53, 47
81, 110, 53, 47
81, 109, 52, 48
80, 110, 52, 48
81, 109, 52, 48
81, 109, 52, 48
80, 110, 52, 48
82, 110, 52, 48
81, 110, 53, 48
82, 110, 53, 48
81, 111, 53, 48
82, 112, 53, 48
82, 114, 53, 47
82, 113, 53, 47
82, 111, 52, 48
82, 111, 52, 48
82, 112, 52, 48
82, 112, 52, 48
81, 112, 52, 48
82, 113, 52, 47
82, 115, 52, 47
82, 113, 52, 47
82, 114, 52, 47
82, 113, 52, 47
82, 113, 52, 47
82, 114, 52, 47
82, 112, 52, 47
81, 114, 52, 47
81, 113, 52, 47
81, 113, 52, 47
82, 113, 52, 47
81, 112, 52, 48
80, 113, 52, 47
81, 112, 52, 48
81, 111, 52, 48
81, 114, 52, 47
81, 113, 52, 47
81, 114, 52, 47
80, 113, 52, 47
80, 114, 52, 47
79, 115, 53, 47
80, 114, 52, 47
81, 112, 52, 47
80, 112, 52, 47
81, 112, 52, 47
79, 112, 53, 47
80, 111, 52, 48
81, 110, 52, 48
80, 111, 52, 47
81, 112, 52, 47
79, 113, 53, 47
79, 113, 54, 47
79, 113, 54, 47
79, 112, 53, 47
80, 112, 53, 46
80, 111, 53, 47
79, 111, 53, 47
79, 111, 53, 47
79, 111, 53, 48
78, 112, 54, 48
79, 111, 54, 48
79, 111, 53, 48
78, 110, 54, 48
78, 110, 54, 49
79, 111, 54, 48
78, 109, 54, 48
78, 109, 54, 48
78, 110, 55, 48
79, 110, 55, 48
79, 110, 55, 48
80, 110, 55, 49
78, 110, 55, 49
77, 110, 56, 49
78, 110, 56, 49
79, 110, 56, 49
77, 110, 56, 49
78, 109, 56, 49
78, 110, 56, 49
77, 109, 56, 49
77, 109, 56, 49
78, 108, 56, 49
77, 110, 57, 49
77, 110, 57, 49
78, 109, 57, 49
78, 108, 57, 49
77, 109, 57, 48
77, 110, 56, 48
78, 110, 55, 48
77, 109, 55, 48
76, 109, 55, 49
76, 109, 55, 48
77, 109, 55, 48
76, 109, 55, 48
76, 108, 55, 48
76, 108, 55, 49
75, 107, 55, 50
75, 108, 55, 49
75, 108, 55, 49
74, 108, 55, 48
75, 108, 55, 49
74, 107, 55, 49
73, 108, 56, 48
73, 108, 55, 49
72, 110, 56, 48
72, 109, 55, 49
72, 109, 55, 49
72, 108, 55, 49
72, 109, 55, 49
71, 107, 55, 50
72, 109, 55, 49
71, 109, 55, 49
71, 109, 55, 49
70, 109, 55, 49
70, 108, 55, 49
70, 109, 55, 49
70, 108, 55, 49
69, 109, 55, 49
68, 110, 55, 48
68, 109, 55, 49
67, 109, 55, 49
67, 109, 54, 49
67, 110, 55, 48
65, 109, 55, 49
63, 110, 55, 48
63, 110, 55, 48
63, 110, 55, 48
63, 109, 54, 48
63, 110, 54, 48
61, 110, 55, 48
61, 111, 55, 48
60, 109, 54, 48
59, 110, 54, 48
58, 110, 54, 48
58, 113, 54, 47
57, 111, 54, 48
57, 111, 53, 48
56, 112, 54, 48
55, 113, 54, 48
54, 113, 54, 48
52, 111, 54, 48
54, 110, 53, 48
52, 112, 54, 47
50, 112, 55, 48
49, 109, 54, 49
48, 110, 55, 48
45, 110, 54, 47
46, 111, 55, 47
44, 112, 55, 47
43, 112, 55, 47
43, 111, 55, 48
41, 111, 55, 48
41, 110, 55, 48
39, 111, 55, 48
38, 111, 56, 48
36, 113, 56, 47
37, 112, 56, 47
35, 113, 56, 47
33, 111, 56, 48
35, 112, 55, 47
31, 114, 56, 47
31, 114, 56, 47
29, 114, 56, 47
28, 113, 56, 47
27, 113, 57, 47
26, 113, 57, 47
25, 112, 57, 47
23, 112, 57, 47
22, 112, 57, 47
21, 111, 57, 48
20, 109, 57, 48
18, 110, 58, 48
16, 111, 58, 49
16, 110, 58, 49
13, 110, 59, 49
13, 111, 59, 49
10, 111, 60, 49
11, 110, 59, 50
