21
37
31
34
35
32
37
36
34
36
32
34
34
33
30
32
32
30
33
32
33
28
35
34
34
36
33
34
35
35
35
30
32
33
33
34
35
36
35
33
28
33
29
30
23
20
25
33
30
34
33
35
34
34
36
35
35
35
28
28
26
27
23
19
27
28
29
30
30
28
29
36
32
36
35
33
33
33
33
34
34
34
37
31
29
34
34
30
34
36
34
29
35
32
35
33
34
33
33
32
29
30
30
25
29
24
25
23
26
25
26
28
26
26
29
23
27
25
26
31
31
29
29
26
29
25
25
24
27
27
25
28
27
24
34
25
25
32
30
32
31
28
34
32
34
30
28
28
26
29
32
29
22
20
30
36
34
36
34
35
38
35
36
39
35
34
37
32
28
35
34
30
36
35
35
37
34
34
35
35
32
29
31
29
32
32
36
32
34
35
33
29
34
30
32
34
31
32
35
36
34
31
28
34
35
35
37
32
34
31
34
37
36
31
31
29
32
33
29
33
33
31
34
35
33
35
37
35
34
35
32
31
30
22
19
24
29
33
35
35
33
29
27
29
27
19
29
30
34
33
33
32
33
30
28
30
31
33
35
36
35
35
36
35
35
35
36
35
34
34
37
33
35
34
37
36
31
32
35
36
36
36
33
35
36
30
33
35
35
33
31
31
34
31
32
33
35
33
35
30
30
32
32
33
30
33
36
34
36
35
32
36
33
33
32
31
32
33
35
35
36
35
34
29
33
31
33
19
19
33
29
36
35
35
35
37
31
36
31
33
30
30
31
29
20
18
28
32
28
32
31
36
35
35
36
36
35
35
36
34
36
34
35
34
37
33
34
34
34
34
36
36
37
30
31
35
35
35
32
28
30
35
33
34
32
36
35
31
33
31
31
30
29
33
38
38
36
38
35
36
36
35
33
30
34
37
36
35
38
35
28
34
32
33
32
31
32
32
35
30
34
23
20
25
31
35
35
34
34
30
32
32
31
32
30
29
19
30
30
28
33
35
29
32
32
34
32
35
32
32
32
31
32
27
32
30
31
34
35
35
34
34
35
35
35
35
32
30
30
32
28
28
35
31
30
31
34
32
31
32
33
36
34
35
35
35
29
35
38
37
36
36
37
37
37
33
36
31
35
28
30
28
31
35
35
32
35
30
32
33
34
35
37
35
34
32
33
22
19
26
31
33
30
30
35
34
31
35
33
35
33
31
28
28
27
22
22
29
33
35
34
32
31
33
31
30
30
32
31
34
33
32
32
30
32
34
34
35
34
35
34
35
34
31
36
36
35
28
31
34
33
30
29
31
31
34
31
33
34
35
34
31
28
30
28
35
31
28
33
30
20
21
30
31
34
33
