277, 161, 73, 74
276, 160, 74, 74
279, 159, 74, 74
281, 158, 74, 74
284, 157, 75, 74
287, 157, 74, 75
291, 157, 75, 75
294, 157, 75, 75
297, 157, 76, 75
300, 157, 75, 75
302, 157, 75, 75
301, 156, 76, 76
302, 153, 75, 77
302, 148, 74, 78
305, 145, 75, 78
306, 143, 75, 77
308, 143, 75, 76
308, 145, 76, 76
308, 149, 76, 75
308, 153, 76, 75
309, 155, 77, 75
309, 155, 77, 75
308, 155, 77, 74
309, 156, 77, 74
308, 157, 77, 74
305, 158, 78, 74
304, 160, 79, 73
305, 161, 79, 74
304, 162, 79, 73
304, 164, 79, 73
305, 165, 79, 73
303, 165, 79, 73
303, 165, 79, 73
303, 166, 79, 72
303, 166, 79, 72
303, 166, 79, 73
300, 164, 78, 73
299, 164, 78, 73
298, 166, 78, 73
297, 168, 78, 73
295, 168, 78, 74
295, 171, 78, 74
294, 172, 78, 75
295, 172, 78, 75
295, 174, 78, 75
295, 174, 78, 76
296, 174, 78, 76
298, 174, 77, 77
297, 174, 78, 78
296, 175, 78, 78
296, 174, 78, 79
296, 176, 78, 78
295, 175, 78, 79
295, 177, 78, 79
295, 175, 78, 79
295, 176, 78, 79
295, 177, 79, 78
294, 178, 79, 78
294, 179, 79, 78
295, 179, 78, 78
295, 180, 78, 78
297, 179, 77, 78
298, 178, 77, 78
298, 178, 77, 77
300, 174, 76, 78
300, 173, 76, 78
300, 173, 76, 77
301, 172, 77, 77
302, 173, 77, 77
303, 176, 77, 78
304, 181, 77, 80
305, 187, 77, 81
303, 191, 79, 81
302, 193, 79, 80
303, 193, 80, 80
300, 193, 80, 79
298, 193, 81, 79
295, 195, 81, 79
293, 197, 82, 80
291, 200, 82, 80
291, 202, 82, 81
289, 204, 82, 82
288, 205, 82, 82
288, 207, 82, 83
288, 208, 82, 83
288, 208, 82, 83
287, 208, 82, 83
285, 208, 83, 83
283, 207, 84, 83
284, 206, 84, 83
285, 205, 83, 83
284, 204, 83, 83
284, 203, 83, 83
284, 202, 83, 83
283, 201, 84, 83
284, 200, 83, 83
284, 199, 83, 83
285, 198, 83, 83
285, 198, 83, 82
287, 197, 82, 83
286, 196, 82, 83
285, 195, 82, 82
286, 193, 82, 82
286, 194, 82, 82
287, 192, 82, 82
288, 191, 82, 82
289, 191, 81, 82
289, 191, 81, 81
290, 190, 81, 82
290, 190, 81, 82
290, 189, 81, 82
291, 191, 81, 81
289, 191, 82, 81
288, 189, 82, 81
289, 189, 81, 81
290, 188, 80, 81
290, 189, 80, 80
290, 189, 80, 80
290, 190, 80, 80
290, 191, 80, 79
290, 192, 80, 79
290, 193, 80, 79
291, 193, 80, 79
292, 194, 80, 79
292, 194, 80, 79
293, 194, 79, 80
294, 194, 79, 80
294, 194, 79, 81
295, 194, 79, 81
294, 194, 79, 81
294, 194, 79, 81
294, 193, 79, 81
295, 192, 79, 81
295, 192, 79, 80
293, 191, 80, 80
294, 190, 80, 81
293, 189, 81, 81
293, 187, 81, 81
293, 187, 80, 81
293, 187, 80, 80
293, 186, 79, 80
293, 186, 79, 80
293, 185, 79, 80
293, 184, 79, 80
291, 184, 80, 80
291, 184, 81, 79
292, 183, 81, 79
291, 182, 82, 78
293, 181, 81, 79
292, 179, 82, 80
292, 178, 82, 81
291, 177, 83, 81
290, 176, 83, 81
290, 172, 82, 82
293, 171, 82, 82
292, 170, 82, 83
291, 171, 82, 84
291, 170, 82, 85
292, 170, 82, 86
292, 170, 82, 87
292, 170, 82, 88
291, 170, 82, 88
291, 169, 82, 89
290, 167, 82, 90
289, 167, 82, 91
288, 164, 83, 92
287, 164, 83, 92
287, 162, 84, 92
286, 161, 85, 92
286, 159, 85, 93
285, 157, 85, 94
283, 157, 86, 94
283, 157, 87, 94
282, 157, 87, 95
282, 157, 87, 95
283, 157, 87, 95
283, 157, 86, 96
281, 158, 86, 96
282, 159, 86, 96
283, 159, 85, 96
284, 160, 85, 96
284, 161, 85, 96
283, 162, 84, 97
284, 163, 84, 97
284, 163, 84, 96
283, 164, 84, 96
283, 164, 84, 96
284, 163, 85, 96
284, 163, 84, 96
284, 162, 84, 96
284, 161, 84, 96
284, 159, 84, 96
285, 159, 84, 96
286, 158, 84, 96
288, 157, 85, 96
287, 158, 86, 96
288, 158, 86, 96
288, 159, 87, 96
289, 161, 87, 96
290, 162, 87, 96
290, 163, 87, 96
291, 164, 86, 96
291, 165, 86, 96
292, 166, 86, 96
293, 168, 85, 96
293, 167, 85, 96
293, 167, 85, 97
293, 166, 84, 97
292, 165, 84, 97
292, 163, 84, 98
291, 162, 84, 99
291, 160, 83, 100
288, 159, 83, 100
288, 158, 84, 100
287, 156, 84, 100
286, 154, 85, 100
285, 152, 85, 100
282, 151, 86, 100
284, 149, 85, 101
282, 146, 86, 101
280, 144, 87, 101
278, 142, 88, 100
278, 139, 89, 100
275, 136, 90, 101
276, 134, 90, 101
275, 132, 90, 102
275, 129, 90, 102
273, 130, 90, 103
274, 129, 90, 104
274, 129, 90, 105
276, 127, 89, 105
278, 134, 91, 104
279, 129, 91, 104
278, 125, 90, 105
276, 122, 90, 105
276, 118, 90, 105
277, 124, 92, 103
274, 120, 93, 102
273, 127, 95, 100
272, 120, 96, 100
270, 127, 98, 99
268, 118, 98, 100
269, 125, 99, 99
268, 117, 98, 101
268, 122, 99, 100
267, 116, 98, 101
267, 120, 100, 101
268, 116, 99, 101
268, 122, 100, 100
269, 117, 100, 100
269, 124, 102, 100
270, 120, 102, 101
273, 117, 101, 102
274, 117, 101, 102
274, 119, 101, 103
274, 119, 102, 103
273, 120, 102, 102
273, 121, 102, 101
273, 122, 103, 100
273, 126, 102, 99
273, 129, 102, 97
274, 132, 101, 96
275, 136, 99, 95
276, 139, 98, 95
278, 142, 96, 95
280, 144, 94, 94
282, 146, 93, 94
285, 147, 91, 94
284, 152, 91, 93
285, 155, 91, 93
287, 157, 89, 93
287, 159, 88, 93
286, 161, 87, 93
285, 161, 87, 94
283, 162, 87, 94
283, 164, 86, 93
282, 162, 86, 94
280, 165, 86, 93
278, 166, 86, 92
276, 167, 86, 92
277, 169, 85, 91
276, 169, 84, 92
277, 171, 83, 91
278, 171, 82, 91
280, 171, 81, 91
281, 171, 81, 90
283, 172, 80, 90
284, 170, 78, 90
285, 169, 78, 90
284, 169, 78, 89
285, 168, 78, 88
286, 167, 77, 88
287, 166, 77, 88
287, 168, 77, 87
288, 166, 76, 87
288, 165, 76, 87
288, 165, 76, 87
288, 164, 76, 87
288, 165, 77, 87
287, 164, 77, 88
287, 162, 77, 89
285, 161, 78, 88
284, 160, 79, 88
284, 158, 79, 88
281, 158, 80, 89
282, 157, 80, 89
281, 156, 80, 90
282, 155, 81, 90
281, 153, 82, 90
279, 151, 83, 91
278, 148, 83, 92
277, 147, 84, 93
277, 144, 84, 94
275, 142, 84, 95
273, 141, 85, 95
270, 139, 86, 95
269, 135, 87, 96
267, 133, 88, 96
267, 130, 90, 97
267, 127, 92, 98
269, 124, 93, 98
266, 121, 94, 99
265, 120, 96, 99
264, 119, 97, 99
264, 118, 98, 99
267, 117, 97, 99
268, 115, 97, 100
269, 114, 97, 100
270, 115, 96, 99
271, 115, 95, 99
271, 117, 94, 98
273, 117, 93, 98
273, 119, 91, 99
274, 120, 90, 98
272, 120, 89, 98
272, 122, 89, 96
272, 124, 88, 96
274, 126, 88, 95
276, 129, 87, 94
277, 133, 86, 93
275, 134, 86, 93
277, 135, 85, 92
278, 136, 84, 92
278, 137, 83, 93
281, 136, 83, 94
281, 139, 83, 95
280, 140, 83, 96
281, 138, 82, 98
283, 139, 81, 99
284, 140, 81, 100
283, 142, 82, 100
283, 142, 83, 101
285, 142, 83, 102
283, 143, 83, 103
284, 142, 84, 104
283, 143, 85, 104
283, 141, 85, 104
284, 143, 85, 104
283, 142, 85, 103
282, 141, 85, 104
283, 141, 85, 104
284, 141, 84, 104
284, 140, 84, 104
284, 142, 84, 103
285, 142, 83, 103
281, 143, 84, 103
284, 142, 83, 103
282, 146, 84, 102
283, 147, 83, 102
284, 149, 83, 102
285, 149, 82, 102
283, 151, 82, 102
283, 154, 82, 101
284, 156, 82, 99
283, 157, 83, 98
283, 159, 83, 98
284, 162, 82, 98
284, 165, 82, 97
285, 168, 82, 97
283, 169, 82, 97
282, 171, 82, 97
283, 173, 82, 96
283, 174, 82, 96
283, 176, 82, 96
282, 176, 82, 95
281, 177, 82, 95
281, 177, 82, 94
282, 177, 81, 94
282, 175, 81, 94
280, 175, 82, 94
280, 175, 82, 94
280, 175, 83, 94
280, 175, 83, 95
279, 174, 83, 96
278, 174, 83, 96
280, 174, 82, 97
281, 172, 82, 98
281, 171, 81, 99
280, 173, 81, 98
282, 168, 81, 98
282, 173, 81, 97
281, 171, 81, 97
281, 170, 81, 98
280, 169, 83, 98
277, 167, 84, 98
274, 166, 86, 98
270, 160, 87, 97
266, 162, 87, 97
264, 154, 87, 96
263, 157, 88, 94
261, 159, 88, 93
261, 157, 87, 94
259, 157, 88, 94
259, 155, 88, 94
260, 154, 89, 95
262, 150, 90, 96
263, 149, 91, 96
263, 147, 93, 97
263, 144, 96, 96
263, 143, 98, 96
263, 142, 100, 97
261, 139, 102, 96
258, 136, 103, 97
256, 131, 104, 98
254, 129, 104, 99
253, 125, 103, 101
252, 124, 103, 101
251, 123, 103, 99
249, 121, 104, 98
250, 119, 105, 97
249, 116, 105, 96
249, 113, 105, 94
249, 115, 104, 93
250, 116, 103, 91
250, 117, 102, 90
252, 118, 101, 90
252, 119, 100, 89
256, 122, 99, 89
258, 127, 98, 89
258, 130, 98, 88
259, 134, 98, 87
259, 137, 98, 87
261, 139, 96, 87
264, 140, 95, 88
268, 143, 93, 88
268, 145, 92, 89
270, 149, 91, 89
269, 152, 91, 89
272, 155, 89, 89
274, 159, 88, 89
276, 163, 87, 89
276, 166, 87, 89
277, 171, 87, 88
279, 176, 87, 88
279, 179, 86, 88
280, 182, 86, 87
281, 183, 86, 87
280, 185, 86, 87
281, 186, 86, 87
282, 187, 86, 87
282, 188, 86, 86
281, 189, 86, 86
282, 189, 85, 86
282, 189, 84, 87
284, 190, 84, 87
285, 189, 82, 88
286, 189, 82, 88
287, 189, 82, 88
288, 190, 83, 87
290, 191, 83, 87
290, 190, 83, 87
290, 190, 83, 87
292, 188, 82, 88
292, 188, 82, 89
292, 187, 82, 89
292, 185, 82, 90
292, 185, 83, 91
292, 185, 83, 91
291, 185, 84, 92
290, 186, 84, 93
289, 185, 84, 95
289, 184, 84, 96
290, 184, 85, 97
288, 186, 86, 97
289, 186, 87, 98
288, 187, 88, 98
288, 187, 88, 98
288, 188, 89, 99
288, 188, 90, 99
288, 187, 90, 99
289, 185, 91, 99
287, 184, 92, 98
287, 183, 93, 98
285, 184, 94, 97
283, 184, 96, 97
282, 185, 97, 97
281, 185, 99, 97
278, 184, 100, 98
276, 181, 102, 99
277, 179, 103, 99
276, 177, 103, 99
278, 173, 103, 100
278, 170, 103, 100
279, 168, 103, 101
279, 166, 102, 102
280, 165, 101, 103
278, 163, 101, 104
277, 164, 102, 103
278, 164, 102, 102
279, 164, 101, 102
280, 164, 101, 101
280, 164, 100, 101
281, 163, 99, 101
281, 161, 97, 103
281, 158, 96, 104
281, 157, 94, 107
282, 155, 93, 109
281, 154, 93, 110
279, 153, 93, 110
278, 153, 94, 110
276, 153, 95, 110
275, 152, 95, 110
273, 150, 96, 110
272, 148, 96, 111
271, 146, 96, 111
270, 145, 96, 111
270, 144, 97, 111
269, 142, 97, 111
269, 141, 96, 111
269, 137, 97, 112
269, 136, 96, 112
269, 135, 97, 112
268, 132, 97, 112
269, 132, 97, 111
268, 131, 98, 111
269, 131, 98, 110
268, 132, 98, 110
268, 130, 98, 110
267, 132, 99, 109
268, 132, 99, 109
269, 130, 98, 109
267, 128, 98, 109
268, 129, 98, 109
269, 129, 99, 109
269, 127, 99, 109
270, 126, 99, 109
271, 125, 99, 109
273, 126, 99, 108
274, 127, 99, 106
274, 130, 99, 105
272, 132, 100, 104
271, 135, 100, 103
272, 135, 99, 103
272, 135, 99, 103
271, 137, 99, 103
272, 138, 99, 102
272, 138, 99, 102
272, 138, 99, 103
272, 138, 98, 103
272, 138, 98, 103
270, 138, 98, 103
271, 138, 97, 102
270, 137, 97, 102
271, 138, 97, 102
270, 139, 96, 102
271, 138, 95, 103
270, 137, 95, 103
269, 135, 95, 104
269, 136, 95, 103
267, 137, 96, 103
269, 136, 95, 103
270, 137, 95, 102
271, 137, 94, 103
272, 137, 94, 103
275, 137, 93, 103
276, 136, 92, 104
278, 136, 91, 104
280, 135, 91, 104
283, 134, 90, 104
288, 136, 90, 103
289, 132, 91, 104
289, 134, 93, 103
290, 135, 94, 102
291, 137, 95, 101
292, 137, 96, 101
292, 137, 97, 101
292, 137, 98, 101
294, 137, 99, 101
293, 137, 100, 101
293, 136, 101, 100
293, 135, 102, 100
294, 136, 104, 99
293, 136, 105, 99
293, 137, 107, 99
292, 138, 108, 98
293, 139, 110, 98
294, 140, 111, 98
294, 141, 112, 98
296, 139, 111, 98
295, 139, 111, 98
294, 139, 112, 98
293, 141, 112, 97
295, 140, 111, 97
294, 140, 112, 96
293, 140, 112, 96
294, 139, 113, 97
292, 135, 114, 98
288, 135, 114, 99
288, 135, 115, 100
286, 134, 115, 100
284, 135, 115, 101
282, 134, 115, 101
283, 133, 115, 102
281, 132, 114, 102
280, 133, 113, 102
277, 133, 113, 102
275, 135, 114, 102
274, 135, 113, 103
271, 134, 112, 103
270, 136, 112, 103
268, 137, 112, 103
264, 137, 113, 103
260, 137, 112, 104
259, 138, 111, 104
257, 140, 110, 103
256, 142, 109, 103
255, 145, 107, 103
254, 146, 104, 103
254, 147, 103, 103
254, 147, 101, 103
253, 147, 100, 103
252, 147, 99, 103
252, 147, 98, 103
252, 144, 96, 104
252, 145, 95, 104
254, 142, 93, 105
253, 143, 93, 104
254, 142, 92, 104
254, 144, 92, 103
255, 143, 91, 103
256, 142, 90, 103
257, 142, 89, 103
257, 141, 89, 103
257, 141, 89, 103
256, 139, 89, 104
257, 139, 88, 105
258, 138, 88, 106
260, 137, 88, 107
261, 136, 89, 107
262, 133, 89, 108
264, 134, 90, 107
267, 134, 91, 106
270, 135, 91, 105
272, 136, 91, 104
274, 138, 92, 104
277, 139, 92, 104
280, 142, 93, 104
283, 144, 93, 104
285, 145, 92, 104
287, 146, 92, 104
289, 148, 93, 103
290, 149, 94, 102
291, 149, 95, 102
289, 151, 96, 101
288, 151, 97, 101
288, 153, 99, 99
287, 154, 101, 99
286, 151, 101, 100
283, 150, 102, 100
282, 149, 103, 100
282, 149, 103, 99
281, 149, 102, 99
280, 148, 102, 100
279, 149, 102, 99
279, 148, 102, 99
288, 148, 102, 99
287, 142, 102, 98
287, 135, 100, 98
289, 140, 99, 98
289, 141, 99, 99
288, 142, 99, 99
287, 142, 101, 100
284, 142, 102, 100
283, 143, 104, 99
284, 141, 104, 99
283, 137, 103, 99
283, 133, 102, 99
283, 132, 102, 98
283, 131, 102, 96
284, 129, 102, 97
284, 127, 101, 97
287, 127, 99, 97
288, 127, 98, 97
290, 127, 98, 96
291, 128, 99, 95
291, 127, 99, 95
290, 127, 100, 95
290, 127, 99, 95
289, 126, 99, 95
289, 125, 98, 96
290, 126, 97, 97
291, 126, 96, 97
290, 127, 96, 96
292, 127, 94, 96
294, 127, 93, 96
295, 126, 92, 96
294, 128, 92, 96
296, 129, 91, 97
298, 130, 90, 96
300, 132, 90, 97
301, 133, 89, 97
302, 135, 89, 97
304, 137, 89, 97
303, 138, 90, 97
302, 140, 90, 97
301, 139, 90, 98
302, 139, 90, 99
303, 137, 89, 101
301, 135, 88, 102
301, 133, 88, 102
301, 135, 88, 101
300, 134, 88, 101
300, 133, 88, 102
302, 134, 88, 103
302, 134, 89, 103
300, 133, 89, 104
297, 133, 90, 105
297, 133, 91, 104
295, 136, 92, 103
293, 137, 93, 102
289, 138, 94, 101
288, 130, 95, 99
288, 126, 95, 97
286, 130, 94, 96
287, 132, 92, 96
286, 140, 92, 96
285, 139, 92, 95
285, 138, 91, 95
278, 135, 91, 95
278, 143, 92, 94
279, 139, 92, 94
280, 137, 92, 94
280, 134, 92, 95
279, 132, 92, 95
278, 131, 92, 95
278, 130, 91, 95
276, 129, 92, 95
277, 126, 92, 95
277, 132, 92, 96
277, 130, 93, 97
277, 127, 93, 98
277, 126, 94, 99
278, 125, 93, 100
277, 124, 94, 101
276, 121, 94, 103
276, 118, 94, 104
277, 120, 95, 103
278, 118, 95, 104
278, 116, 95, 105
278, 117, 97, 105
277, 117, 98, 105
278, 117, 99, 104
277, 118, 100, 105
278, 118, 101, 105
278, 118, 101, 105
279, 112, 103, 104
281, 124, 101, 105
281, 124, 101, 104
279, 126, 101, 103
281, 130, 101, 103
281, 131, 101, 103
281, 132, 101, 104
279, 133, 102, 105
278, 132, 101, 106
276, 134, 100, 106
277, 135, 98, 107
275, 136, 98, 107
271, 137, 98, 106
269, 140, 98, 104
265, 143, 98, 102
265, 146, 95, 101
263, 147, 94, 100
260, 148, 94, 100
258, 151, 94, 98
259, 153, 94, 97
259, 155, 95, 97
258, 157, 96, 96
260, 156, 94, 96
259, 158, 94, 95
261, 157, 93, 95
259, 158, 94, 94
260, 159, 93, 94
261, 157, 92, 94
261, 158, 92, 94
261, 158, 92, 93
262, 157, 92, 94
262, 157, 91, 94
263, 157, 91, 95
262, 156, 91, 95
263, 155, 91, 96
262, 153, 91, 97
262, 151, 92, 97
263, 149, 92, 98
263, 147, 93, 98
264, 146, 95, 99
263, 143, 96, 99
264, 141, 98, 98
263, 138, 99, 98
264, 139, 101, 97
263, 139, 101, 97
263, 139, 102, 96
263, 138, 103, 97
264, 138, 103, 97
263, 137, 104, 98
263, 136, 105, 99
263, 135, 106, 99
263, 133, 106, 100
264, 133, 107, 100
263, 132, 107, 101
263, 130, 108, 101
263, 130, 108, 101
262, 129, 109, 102
262, 129, 108, 102
263, 128, 109, 103
263, 128, 108, 103
262, 127, 108, 103
261, 125, 108, 104
260, 123, 109, 105
257, 120, 110, 107
254, 117, 111, 108
251, 115, 112, 109
251, 116, 113, 109
250, 115, 114, 110
250, 115, 115, 111
250, 115, 115, 111
251, 116, 115, 111
251, 114, 116, 111
252, 113, 116, 112
253, 114, 116, 111
252, 114, 116, 112
253, 114, 116, 112
254, 114, 116, 113
254, 114, 116, 113
255, 113, 115, 114
254, 112, 115, 114
254, 110, 114, 115
255, 106, 113, 116
255, 105, 112, 116
256, 101, 111, 118
254, 100, 110, 118
255, 97, 110, 119
254, 92, 110, 120
253, 91, 111, 120
252, 88, 110, 121
252, 86, 109, 121
251, 87, 110, 120
254, 87, 109, 119
256, 86, 108, 119
258, 87, 106, 118
261, 87, 104, 117
263, 89, 103, 116
265, 92, 101, 115
268, 90, 100, 115
267, 93, 99, 113
267, 94, 98, 113
266, 94, 99, 111
265, 96, 98, 109
266, 97, 99, 107
266, 99, 98, 107
267, 101, 97, 107
267, 101, 97, 106
268, 104, 97, 105
268, 107, 97, 105
269, 109, 98, 104
269, 111, 98, 104
269, 112, 97, 104
267, 112, 97, 106
267, 114, 97, 107
266, 114, 98, 109
266, 122, 99, 107
266, 120, 100, 107
266, 126, 102, 106
266, 123, 101, 107
266, 128, 102, 106
265, 124, 101, 108
265, 129, 101, 107
261, 127, 101, 107
260, 124, 102, 107
258, 123, 102, 107
249, 121, 102, 106
250, 122, 102, 106
249, 125, 103, 105
249, 125, 102, 104
252, 123, 101, 104
253, 123, 100, 104
255, 124, 98, 104
259, 126, 96, 105
262, 127, 94, 105
265, 129, 92, 104
269, 129, 90, 104
271, 128, 87, 104
271, 129, 86, 104
271, 131, 85, 104
272, 133, 85, 103
271, 136, 84, 103
272, 137, 84, 102
272, 140, 84, 102
272, 142, 85, 101
272, 144, 85, 101
271, 146, 85, 101
270, 147, 85, 100
270, 149, 84, 100
269, 151, 84, 99
271, 152, 84, 99
271, 155, 84, 99
270, 157, 84, 99
271, 157, 84, 98
270, 160, 84, 98
272, 160, 84, 98
272, 161, 84, 98
272, 162, 84, 99
271, 162, 84, 99
270, 163, 84, 98
272, 163, 83, 99
273, 163, 83, 98
275, 163, 83, 98
275, 164, 83, 98
277, 164, 82, 98
277, 166, 83, 97
278, 165, 83, 98
279, 166, 83, 98
282, 166, 83, 98
282, 167, 83, 97
282, 167, 84, 98
283, 169, 84, 98
284, 170, 85, 98
286, 172, 85, 98
287, 175, 85, 97
288, 176, 85, 96
288, 177, 86, 95
289, 179, 87, 94
287, 177, 88, 94
288, 177, 89, 94
289, 178, 90, 93
290, 177, 90, 92
292, 176, 91, 92
294, 176, 91, 93
295, 174, 91, 94
295, 174, 91, 94
294, 172, 92, 95
294, 168, 93, 96
295, 166, 93, 97
294, 162, 94, 98
293, 161, 94, 99
292, 159, 95, 99
291, 155, 95, 100
290, 151, 95, 102
288, 150, 96, 103
287, 148, 96, 104
287, 147, 97, 104
286, 145, 97, 104
283, 143, 98, 104
281, 142, 99, 104
281, 143, 100, 103
281, 142, 100, 103
281, 142, 99, 103
281, 142, 98, 103
281, 142, 98, 102
281, 143, 97, 102
280, 144, 97, 102
278, 144, 96, 102
277, 145, 95, 101
277, 145, 94, 100
278, 145, 93, 99
279, 144, 92, 99
279, 145, 91, 99
280, 145, 91, 98
281, 145, 89, 99
280, 144, 88, 100
280, 145, 88, 100
280, 145, 88, 100
281, 144, 88, 100
282, 144, 89, 100
279, 142, 88, 101
279, 140, 88, 102
277, 138, 88, 103
276, 138, 88, 103
276, 137, 88, 103
276, 135, 88, 103
275, 135, 88, 102
276, 137, 88, 101
275, 138, 88, 99
273, 141, 88, 97
270, 142, 88, 96
268, 144, 88, 94
269, 146, 88, 93
267, 147, 88, 92
267, 148, 87, 93
268, 146, 86, 94
268, 145, 86, 95
267, 145, 86, 95
267, 143, 87, 96
268, 141, 87, 96
269, 139, 87, 96
270, 137, 89, 95
269, 134, 90, 94
269, 132, 92, 92
269, 129, 93, 92
269, 129, 94, 91
269, 127, 94, 90
270, 125, 95, 90
271, 123, 95, 90
270, 121, 95, 90
270, 120, 96, 90
270, 120, 96, 90
272, 119, 95, 91
272, 117, 95, 92
271, 116, 96, 92
272, 117, 97, 93
274, 115, 97, 95
267, 112, 97, 96
270, 114, 97, 97
272, 112, 98, 98
273, 112, 98, 99
274, 111, 99, 100
275, 111, 99, 101
276, 111, 99, 101
278, 111, 99, 101
271, 109, 99, 101
276, 108, 99, 101
278, 108, 99, 100
278, 110, 100, 99
281, 109, 99, 99
281, 109, 98, 99
280, 110, 97, 99
280, 110, 96, 99
280, 108, 95, 100
280, 107, 93, 101
279, 106, 92, 101
279, 106, 91, 101
278, 106, 91, 101
278, 107, 91, 101
277, 108, 91, 101
276, 108, 90, 101
274, 107, 90, 102
277, 108, 89, 103
275, 108, 89, 104
274, 107, 89, 106
271, 107, 89, 107
271, 107, 89, 107
270, 109, 89, 107
269, 110, 90, 108
268, 113, 91, 108
267, 113, 90, 109
267, 112, 91, 110
267, 114, 91, 110
266, 114, 91, 111
264, 113, 92, 110
263, 112, 92, 111
262, 114, 92, 111
262, 115, 92, 111
261, 116, 93, 111
260, 116, 93, 111
259, 116, 94, 111
260, 114, 95, 111
257, 113, 96, 111
258, 113, 97, 110
258, 114, 99, 109
257, 112, 100, 108
257, 111, 102, 108
258, 113, 103, 107
259, 114, 104, 106
257, 115, 105, 106
260, 116, 105, 106
259, 115, 105, 107
265, 114, 104, 108
265, 115, 104, 109
266, 115, 105, 109
269, 114, 104, 110
271, 115, 103, 112
276, 115, 103, 113
280, 113, 101, 116
281, 114, 101, 117
281, 116, 100, 117
284, 115, 99, 116
286, 118, 98, 114
288, 121, 98, 112
290, 124, 98, 110
291, 127, 97, 108
292, 132, 96, 106
294, 136, 96, 105
292, 136, 95, 106
292, 138, 94, 106
292, 139, 93, 105
293, 138, 93, 104
290, 139, 94, 103
292, 140, 94, 102
291, 140, 95, 100
292, 142, 94, 99
292, 142, 94, 98
292, 143, 94, 99
295, 144, 93, 99
294, 146, 93, 100
293, 147, 93, 100
295, 148, 93, 100
294, 149, 92, 100
295, 150, 92, 101
296, 151, 92, 101
298, 151, 92, 102
299, 150, 91, 102
299, 150, 91, 102
296, 149, 92, 103
298, 149, 92, 103
297, 149, 92, 103
299, 149, 93, 103
299, 148, 93, 104
300, 149, 93, 104
300, 150, 93, 103
299, 150, 94, 103
298, 150, 94, 103
297, 150, 95, 103
294, 148, 96, 104
294, 147, 96, 104
294, 146, 97, 104
292, 146, 97, 104
290, 145, 97, 104
291, 154, 98, 103
289, 141, 98, 103
289, 150, 98, 103
289, 145, 99, 103
289, 142, 99, 103
280, 130, 99, 101
283, 130, 99, 100
284, 132, 99, 99
284, 133, 99, 99
284, 132, 99, 100
283, 124, 99, 100
282, 126, 98, 101
283, 119, 99, 101
283, 121, 99, 101
283, 120, 99, 102
282, 115, 100, 100
283, 116, 100, 101
283, 116, 100, 101
282, 114, 100, 102
282, 114, 101, 102
281, 114, 102, 102
279, 113, 102, 102
278, 113, 102, 103
277, 112, 102, 103
276, 107, 103, 103
276, 110, 103, 103
274, 109, 105, 103
272, 102, 105, 104
268, 103, 107, 103
266, 99, 108, 103
266, 96, 109, 103
265, 93, 109, 103
264, 92, 110, 103
266, 88, 110, 102
265, 90, 111, 103
268, 91, 111, 103
267, 90, 112, 103
271, 90, 111, 104
268, 90, 112, 105
269, 89, 112, 104
265, 87, 114, 104
267, 88, 113, 105
265, 87, 114, 105
266, 86, 115, 105
268, 85, 116, 104
269, 83, 117, 104
269, 82, 118, 103
269, 84, 118, 102
271, 83, 118, 102
270, 83, 118, 103
272, 83, 118, 103
273, 82, 117, 103
273, 82, 116, 103
274, 81, 115, 103
275, 80, 115, 103
275, 79, 114, 104
275, 79, 113, 104
276, 79, 114, 104
276, 78, 113, 104
277, 79, 112, 104
275, 80, 113, 104
276, 83, 114, 102
275, 80, 114, 102
276, 83, 114, 101
276, 81, 113, 101
276, 80, 112, 102
266, 81, 112, 101
268, 80, 111, 101
269, 79, 110, 101
270, 78, 110, 101
270, 75, 110, 99
269, 73, 110, 98
271, 77, 108, 98
271, 79, 108, 99
269, 81, 108, 99
270, 82, 106, 100
271, 83, 106, 100
273, 83, 105, 100
275, 83, 105, 100
276, 82, 105, 100
277, 82, 106, 100
277, 75, 107, 98
276, 76, 109, 98
275, 71, 110, 98
281, 74, 109, 99
286, 76, 107, 100
290, 77, 105, 101
291, 74, 105, 102
292, 73, 104, 103
295, 74, 103, 103
296, 73, 102, 103
294, 73, 102, 103
295, 72, 101, 103
296, 71, 100, 103
297, 72, 99, 103
295, 72, 99, 103
295, 73, 98, 103
295, 73, 99, 103
293, 74, 100, 102
293, 75, 100, 102
294, 76, 101, 102
293, 76, 101, 102
294, 77, 102, 102
296, 78, 102, 102
298, 78, 102, 102
300, 78, 102, 102
301, 77, 102, 101
301, 76, 103, 100
302, 76, 103, 99
302, 75, 102, 99
304, 73, 101, 100
306, 71, 101, 100
307, 72, 100, 99
308, 71, 100, 99
310, 70, 99, 99
310, 71, 100, 98
309, 70, 100, 98
308, 70, 100, 98
307, 69, 101, 98
306, 67, 102, 98
306, 66, 102, 98
304, 66, 103, 99
303, 63, 103, 99
301, 64, 104, 98
301, 65, 104, 98
299, 66, 104, 98
297, 67, 104, 98
296, 68, 104, 97
295, 70, 105, 96
294, 72, 104, 96
293, 73, 104, 96
292, 74, 104, 96
292, 76, 104, 97
292, 75, 104, 98
291, 77, 104, 98
291, 77, 104, 99
283, 76, 103, 99
288, 77, 103, 100
292, 78, 103, 100
291, 80, 104, 100
292, 81, 105, 100
293, 81, 106, 100
292, 82, 106, 101
293, 83, 108, 101
294, 83, 108, 101
294, 83, 109, 101
294, 84, 111, 101
292, 84, 112, 101
291, 85, 112, 102
286, 84, 111, 102
289, 87, 111, 102
291, 87, 111, 102
284, 87, 110, 102
286, 86, 110, 103
278, 85, 108, 103
284, 84, 106, 104
285, 85, 107, 105
285, 88, 108, 104
287, 92, 108, 103
288, 95, 108, 103
290, 105, 109, 101
286, 105, 108, 100
286, 106, 108, 100
286, 107, 107, 100
286, 109, 106, 101
287, 110, 105, 101
285, 109, 105, 101
284, 109, 104, 101
283, 108, 103, 101
283, 108, 102, 101
284, 107, 101, 101
283, 106, 101, 101
283, 105, 100, 100
283, 104, 99, 99
283, 104, 98, 99
284, 104, 96, 99
284, 103, 96, 98
284, 102, 94, 98
284, 102, 93, 98
283, 104, 93, 97
283, 104, 93, 98
282, 105, 92, 98
281, 112, 92, 97
281, 112, 91, 97
280, 111, 92, 97
280, 112, 92, 97
279, 112, 93, 96
277, 112, 94, 96
276, 111, 94, 95
274, 110, 94, 94
273, 110, 94, 94
272, 109, 94, 93
270, 109, 94, 93
271, 109, 94, 93
272, 109, 94, 93
271, 108, 94, 93
270, 108, 95, 93
271, 106, 95, 94
271, 105, 95, 94
270, 106, 95, 94
270, 105, 95, 95
270, 102, 95, 96
270, 101, 95, 96
271, 99, 95, 97
271, 97, 94, 97
272, 94, 95, 98
272, 91, 95, 100
273, 90, 95, 101
273, 88, 95, 103
274, 85, 95, 104
272, 85, 96, 105
273, 85, 96, 106
273, 84, 96, 106
271, 86, 97, 106
272, 86, 96, 107
274, 87, 96, 107
274, 88, 96, 107
274, 87, 96, 107
275, 87, 96, 107
275, 85, 97, 108
275, 84, 97, 108
273, 82, 98, 108
273, 81, 99, 108
272, 81, 100, 107
271, 79, 101, 107
269, 77, 102, 106
270, 83, 103, 106
269, 79, 103, 108
266, 77, 104, 107
267, 76, 105, 107
268, 80, 107, 106
266, 76, 108, 107
267, 73, 108, 108
267, 71, 109, 108
265, 71, 110, 108
266, 70, 111, 108
266, 68, 112, 108
265, 66, 112, 108
265, 65, 113, 108
264, 64, 114, 109
265, 63, 114, 109
267, 62, 114, 110
268, 63, 114, 109
269, 63, 115, 109
268, 63, 116, 108
269, 63, 117, 107
268, 66, 118, 106
270, 67, 118, 105
272, 68, 117, 104
275, 69, 116, 102
273, 70, 116, 102
276, 71, 115, 101
277, 71, 114, 100
280, 72, 113, 99
281, 73, 111, 98
282, 73, 110, 97
284, 74, 109, 97
284, 75, 109, 96
285, 78, 108, 96
286, 80, 107, 96
286, 80, 107, 96
286, 81, 107, 97
287, 84, 107, 96
286, 84, 107, 96
286, 86, 107, 95
287, 90, 107, 94
289, 93, 105, 93
289, 93, 104, 93
290, 94, 102, 93
291, 96, 100, 92
292, 96, 100, 91
291, 98, 100, 90
294, 96, 99, 90
293, 94, 99, 91
293, 96, 99, 90
291, 96, 100, 90
292, 96, 98, 91
290, 95, 98, 92
289, 95, 98, 92
289, 95, 98, 93
288, 94, 98, 94
288, 94, 98, 94
288, 91, 97, 96
286, 90, 98, 97
286, 90, 98, 98
285, 88, 99, 99
285, 85, 99, 100
282, 84, 100, 101
283, 82, 99, 102
282, 82, 99, 102
281, 82, 100, 103
279, 82, 100, 103
278, 83, 101, 104
277, 84, 101, 104
277, 85, 101, 104
276, 86, 102, 105
274, 87, 103, 105
273, 95, 104, 104
272, 92, 105, 104
273, 91, 105, 104
272, 90, 105, 104
273, 92, 105, 104
273, 94, 106, 103
272, 95, 106, 102
273, 96, 106, 102
273, 97, 106, 102
272, 98, 106, 103
274, 99, 105, 103
274, 99, 105, 103
275, 99, 105, 103
275, 99, 105, 103
276, 99, 105, 103
276, 99, 105, 103
277, 100, 104, 102
277, 100, 104, 102
277, 100, 105, 102
278, 100, 105, 102
278, 100, 105, 102
277, 101, 105, 102
277, 101, 105, 102
277, 102, 104, 102
279, 101, 104, 102
279, 102, 104, 102
279, 102, 104, 102
279, 102, 104, 102
278, 102, 104, 102
279, 102, 104, 102
279, 102, 104, 102
278, 103, 104, 102
280, 102, 103, 102
280, 103, 103, 102
279, 104, 104, 102
278, 103, 104, 102
277, 103, 104, 102
277, 103, 104, 101
276, 104, 104, 101
278, 105, 103, 101
279, 105, 103, 101
277, 104, 103, 101
279, 105, 102, 101
279, 105, 102, 102
278, 105, 102, 102
278, 106, 103, 102
277, 107, 104, 101
276, 107, 104, 101
275, 108, 104, 101
275, 108, 104, 101
276, 108, 105, 101
277, 108, 105, 101
276, 108, 105, 102
277, 108, 105, 102
276, 107, 105, 102
275, 108, 106, 102
274, 109, 106, 102
273, 109, 108, 101
273, 109, 108, 101
273, 109, 109, 100
273, 102, 108, 100
272, 114, 108, 100
271, 113, 109, 100
270, 113, 110, 100
271, 113, 110, 100
270, 113, 110, 101
272, 115, 109, 101
271, 115, 109, 101
271, 119, 109, 101
271, 118, 109, 101
272, 120, 109, 100
275, 124, 108, 99
276, 125, 108, 99
278, 126, 107, 99
281, 127, 105, 100
282, 127, 104, 100
285, 126, 103, 100
287, 126, 101, 101
288, 124, 100, 102
289, 127, 98, 103
290, 126, 97, 102
290, 125, 96, 102
290, 125, 96, 102
289, 125, 95, 102
287, 126, 95, 101
286, 129, 95, 100
284, 131, 95, 100
284, 132, 95, 100
286, 134, 95, 100
287, 136, 95, 100
287, 139, 95, 101
288, 140, 95, 100
289, 140, 95, 100
288, 142, 95, 100
289, 142, 95, 100
289, 143, 95, 100
289, 142, 95, 100
288, 142, 95, 100
289, 141, 95, 100
288, 141, 95, 100
289, 138, 95, 101
289, 138, 95, 101
289, 138, 95, 100
291, 136, 95, 100
290, 136, 96, 101
292, 134, 95, 101
293, 130, 95, 102
294, 127, 95, 103
293, 122, 96, 105
293, 120, 96, 105
293, 117, 97, 106
294, 115, 97, 107
290, 110, 98, 107
290, 110, 99, 107
286, 107, 100, 107
285, 104, 100, 106
282, 103, 100, 106
279, 102, 101, 106
277, 103, 102, 106
275, 101, 102, 106
273, 102, 102, 106
272, 101, 102, 106
270, 103, 102, 106
269, 103, 102, 106
270, 105, 102, 105
269, 104, 101, 106
268, 106, 102, 105
266, 104, 102, 105
267, 107, 102, 105
267, 107, 102, 104
265, 105, 102, 105
266, 107, 102, 105
265, 106, 102, 105
267, 107, 102, 105
265, 105, 102, 105
266, 108, 103, 105
266, 106, 103, 105
267, 106, 104, 104
265, 105, 104, 105
267, 105, 104, 105
266, 102, 104, 106
267, 105, 105, 105
266, 101, 106, 106
269, 104, 107, 105
267, 100, 107, 106
267, 102, 108, 106
266, 101, 108, 107
268, 101, 108, 107
267, 101, 108, 107
268, 101, 108, 106
266, 100, 109, 107
267, 101, 109, 106
267, 100, 109, 107
269, 100, 109, 107
268, 99, 110, 107
269, 99, 110, 107
269, 99, 111, 107
269, 99, 111, 107
268, 100, 112, 106
268, 100, 111, 107
267, 102, 112, 106
267, 102, 112, 106
267, 104, 112, 106
265, 104, 112, 106
265, 105, 112, 106
265, 107, 112, 106
263, 107, 112, 107
265, 110, 112, 107
264, 109, 111, 108
264, 111, 112, 108
264, 113, 112, 107
266, 113, 111, 107
266, 113, 111, 107
267, 113, 111, 107
266, 113, 111, 107
267, 113, 111, 107
269, 113, 111, 107
270, 111, 110, 107
271, 113, 111, 107
274, 111, 109, 107
272, 109, 108, 107
268, 109, 109, 107
266, 108, 109, 108
266, 107, 108, 109
269, 109, 107, 110
271, 111, 109, 108
274, 108, 111, 108
274, 109, 112, 108
275, 109, 112, 108
275, 108, 112, 108
276, 108, 113, 108
276, 107, 112, 108
276, 110, 113, 107
278, 108, 113, 108
278, 110, 114, 108
279, 110, 114, 108
279, 112, 116, 108
282, 111, 116, 109
282, 113, 117, 109
285, 112, 117, 110
287, 113, 117, 110
288, 113, 117, 110
288, 113, 118, 110
291, 113, 117, 110
291, 111, 117, 110
292, 111, 117, 111
293, 110, 117, 111
293, 108, 116, 111
293, 106, 115, 111
291, 106, 116, 111
291, 104, 116, 111
289, 104, 116, 111
287, 100, 116, 112
285, 100, 117, 112
283, 96, 116, 113
282, 96, 117, 112
280, 94, 116, 112
279, 94, 116, 111
279, 92, 116, 111
278, 91, 116, 110
276, 91, 116, 110
276, 94, 115, 109
275, 94, 115, 109
272, 94, 115, 108
271, 96, 114, 108
271, 98, 113, 107
271, 98, 113, 107
269, 99, 112, 106
270, 101, 111, 106
270, 102, 110, 105
270, 102, 109, 105
269, 103, 108, 105
271, 104, 107, 105
272, 105, 107, 105
272, 107, 107, 103
273, 103, 106, 103
273, 103, 105, 103
278, 107, 106, 104
282, 109, 106, 104
280, 110, 107, 104
282, 109, 106, 105
282, 111, 105, 105
283, 114, 106, 105
284, 113, 106, 106
284, 113, 107, 106
284, 115, 107, 106
284, 115, 107, 106
285, 115, 107, 106
284, 114, 107, 107
284, 115, 108, 106
284, 113, 107, 107
285, 114, 108, 106
285, 115, 108, 106
285, 112, 108, 107
286, 113, 109, 106
286, 114, 109, 106
287, 114, 109, 106
287, 115, 109, 106
285, 115, 109, 107
284, 116, 109, 107
283, 116, 109, 107
282, 116, 109, 108
280, 115, 108, 108
279, 115, 108, 108
278, 114, 107, 108
278, 113, 107, 108
277, 114, 108, 107
278, 115, 109, 107
279, 114, 108, 107
279, 115, 108, 107
280, 116, 109, 106
280, 116, 109, 106
281, 116, 109, 106
280, 116, 109, 106
281, 118, 109, 105
281, 119, 108, 105
281, 120, 109, 105
281, 119, 109, 106
281, 120, 109, 106
281, 120, 109, 106
280, 120, 109, 106
280, 120, 109, 107
279, 120, 109, 106
279, 120, 109, 106
279, 120, 110, 106
278, 120, 110, 106
279, 119, 111, 106
278, 121, 111, 105
278, 121, 111, 105
279, 121, 111, 105
278, 121, 111, 105
277, 121, 111, 105
278, 121, 111, 105
278, 121, 111, 105
278, 120, 111, 105
277, 121, 111, 104
276, 121, 112, 105
276, 121, 111, 105
273, 122, 112, 105
272, 123, 113, 105
270, 125, 113, 105
267, 127, 114, 105
265, 128, 114, 105
264, 130, 115, 104
264, 132, 114, 105
264, 134, 113, 105
263, 138, 113, 105
261, 140, 114, 104
264, 141, 114, 103
264, 141, 114, 103
266, 141, 113, 103
265, 140, 114, 104
265, 140, 115, 104
264, 142, 116, 103
264, 142, 117, 103
264, 142, 118, 103
264, 141, 119, 103
264, 140, 120, 104
263, 140, 120, 104
264, 139, 119, 105
263, 137, 118, 105
264, 136, 117, 105
264, 136, 116, 105
263, 136, 116, 105
262, 135, 114, 106
262, 135, 113, 108
261, 136, 111, 109
264, 137, 109, 110
262, 139, 108, 109
261, 138, 108, 109
261, 140, 106, 108
263, 140, 105, 107
266, 141, 102, 107
267, 140, 100, 107
270, 139, 98, 106
272, 138, 96, 106
274, 138, 94, 105
272, 137, 94, 105
274, 134, 92, 106
276, 135, 92, 105
275, 135, 91, 104
277, 136, 92, 103
277, 136, 92, 102
278, 137, 91, 101
278, 138, 91, 101
279, 139, 92, 101
281, 137, 91, 102
280, 137, 90, 103
280, 135, 91, 104
277, 134, 92, 105
277, 134, 93, 105
274, 133, 95, 105
272, 133, 96, 105
271, 131, 97, 106
271, 130, 98, 106
272, 130, 98, 105
272, 129, 99, 105
271, 128, 99, 106
270, 127, 100, 107
270, 126, 100, 107
268, 126, 101, 107
268, 125, 102, 107
269, 124, 102, 108
269, 124, 102, 109
269, 131, 103, 109
257, 131, 106, 108
260, 131, 108, 108
263, 133, 108, 107
266, 133, 108, 107
267, 132, 108, 106
270, 131, 106, 106
272, 130, 105, 105
272, 129, 104, 104
274, 129, 103, 103
275, 127, 103, 102
275, 125, 103, 102
265, 112, 102, 102
267, 114, 102, 101
267, 112, 102, 102
268, 112, 102, 101
259, 111, 103, 101
261, 110, 103, 101
262, 108, 102, 102
263, 107, 102, 103
262, 108, 102, 103
262, 106, 102, 104
261, 106, 102, 105
262, 107, 102, 105
262, 109, 103, 105
262, 108, 104, 106
263, 108, 104, 106
264, 109, 105, 107
265, 108, 105, 108
266, 109, 105, 109
267, 110, 104, 110
268, 112, 104, 110
267, 113, 104, 110
266, 114, 103, 110
264, 116, 103, 110
253, 119, 105, 109
252, 119, 106, 108
251, 118, 106, 108
250, 117, 106, 108
250, 117, 107, 108
250, 117, 107, 108
250, 118, 107, 107
251, 116, 107, 106
253, 118, 107, 107
254, 118, 106, 107
256, 118, 106, 107
258, 120, 106, 106
260, 122, 107, 105
261, 123, 106, 104
263, 125, 106, 103
264, 126, 106, 102
267, 125, 106, 101
268, 125, 106, 101
270, 124, 105, 100
271, 126, 106, 99
275, 127, 106, 98
279, 130, 106, 97
281, 133, 105, 97
281, 134, 104, 96
284, 135, 103, 96
289, 136, 101, 96
293, 136, 99, 97
294, 137, 98, 98
296, 136, 97, 100
294, 138, 96, 101
296, 138, 95, 102
294, 139, 94, 103
294, 138, 93, 104
294, 140, 93, 103
292, 139, 92, 103
293, 140, 91, 102
291, 141, 90, 102
292, 141, 89, 102
291, 141, 88, 102
292, 143, 87, 101
291, 144, 87, 100
291, 142, 86, 100
292, 143, 86, 99
291, 142, 85, 100
291, 142, 85, 100
288, 141, 86, 100
287, 140, 87, 100
285, 138, 88, 100
285, 138, 89, 99
283, 135, 90, 99
285, 134, 89, 100
283, 131, 90, 100
282, 130, 91, 100
283, 129, 91, 100
282, 129, 91, 100
282, 127, 91, 100
282, 127, 91, 100
281, 125, 91, 100
279, 124, 91, 101
280, 124, 91, 100
279, 122, 91, 100
279, 121, 91, 100
277, 117, 92, 100
276, 116, 91, 99
275, 114, 92, 99
275, 112, 92, 98
274, 112, 92, 99
273, 111, 92, 98
274, 111, 93, 99
271, 112, 93, 99
271, 111, 94, 99
270, 111, 94, 99
271, 109, 95, 100
272, 107, 95, 100
272, 107, 96, 101
271, 105, 97, 101
271, 105, 99, 101
270, 105, 100, 101
268, 105, 102, 100
266, 105, 104, 99
263, 105, 106, 99
261, 103, 108, 98
261, 104, 109, 97
260, 105, 111, 97
259, 105, 112, 98
260, 107, 113, 98
260, 108, 114, 99
260, 110, 114, 99
262, 111, 113, 100
262, 113, 112, 101
263, 115, 111, 101
266, 116, 109, 101
266, 117, 107, 102
266, 118, 105, 102
267, 119, 103, 101
268, 120, 101, 101
270, 121, 101, 100
269, 122, 100, 100
271, 121, 99, 100
270, 122, 99, 101
270, 123, 99, 101
269, 123, 98, 101
272, 123, 97, 101
275, 124, 96, 100
279, 125, 95, 99
281, 126, 95, 97
283, 127, 94, 95
283, 129, 94, 93
283, 128, 93, 93
281, 127, 92, 92
279, 126, 92, 92
278, 115, 91, 93
275, 114, 91, 93
275, 114, 91, 93
273, 114, 90, 93
273, 127, 90, 93
271, 126, 91, 94
270, 126, 91, 95
266, 126, 92, 96
265, 125, 93, 97
255, 123, 93, 98
255, 122, 94, 99
246, 109, 82, 112
247, 109, 86, 110
243, 110, 90, 108
232, 110, 92, 108
229, 96, 95, 109
225, 96, 98, 109
212, 94, 99, 110
209, 90, 100, 113
207, 88, 101, 115
203, 86, 104, 116
229, 72, 105, 117
210, 76, 108, 115
206, 77, 111, 114
204, 77, 113, 114
204, 75, 113, 115
214, 64, 115, 113
212, 65, 115, 114
209, 66, 116, 114
208, 65, 117, 114
207, 65, 117, 115
216, 64, 118, 116
216, 62, 118, 117
228, 63, 117, 118
228, 75, 117, 119
228, 75, 116, 118
232, 76, 115, 118
229, 73, 114, 118
230, 69, 113, 120
230, 63, 113, 122
231, 56, 113, 124
234, 49, 113, 126
237, 41, 115, 126
245, 39, 115, 127
246, 33, 115, 128
247, 29, 116, 128
257, 29, 117, 127
258, 24, 117, 128
261, 22, 117, 127
265, 18, 116, 127
242, 13, 100, 136
247, 11, 90, 141
252, 10, 82, 144
244, 12, 78, 144
252, 14, 75, 143
269, 23, 72, 143
272, 19, 70, 144
272, 4, 68, 145
273, 2, 67, 146
261, 2, 66, 146
263, 3, 66, 145
266, 4, 65, 145
268, 16, 64, 145
