22
27
28
33
31
34
34
28
23
27
29
24
26
24
26
25
26
24
23
22
23
28
28
22
28
23
29
35
32
30
34
32
32
33
31
29
32
33
32
31
30
33
29
30
32
28
30
34
32
32
30
32
34
30
30
26
32
28
36
34
34
35
33
34
32
30
35
35
29
31
33
33
30
32
30
33
30
22
18
33
33
31
33
30
28
26
30
23
26
25
22
29
28
28
28
34
33
33
33
36
32
33
35
34
27
27
34
36
33
32
37
32
30
30
33
27
31
33
36
34
35
34
22
26
29
34
30
36
33
30
27
31
33
29
34
34
36
37
35
30
29
29
27
30
32
31
32
35
29
32
34
34
34
31
35
34
34
35
36
32
30
30
28
28
32
33
32
34
32
32
33
32
31
30
30
23
19
28
28
34
30
33
30
29
21
18
28
28
30
35
32
35
36
34
32
34
31
33
34
31
35
35
31
32
35
31
34
35
33
28
34
34
36
35
34
35
33
29
27
27
33
33
31
35
37
27
33
31
32
32
30
25
28
33
32
33
34
33
32
27
27
30
23
25
31
26
26
29
32
31
30
33
36
30
33
33
31
32
28
30
31
29
29
31
28
33
33
34
35
33
28
36
34
33
32
34
32
35
36
36
33
32
33
33
33
27
25
33
29
30
31
29
30
27
33
31
32
33
35
36
33
36
36
29
27
30
32
27
35
31
36
34
32
33
32
34
32
30
19
26
29
30
30
33
36
32
32
28
22
25
33
30
34
34
29
31
29
26
30
30
35
35
34
38
34
34
34
34
27
