22
35
33
37
34
35
36
30
31
31
27
16
15
24
29
30
26
28
29
27
27
29
22
28
28
23
16
18
22
35
34
34
29
29
31
33
30
32
26
31
36
36
34
35
34
37
35
35
37
34
35
35
35
34
32
34
34
29
31
32
31
32
33
28
28
30
35
33
33
36
33
36
35
36
34
36
33
33
33
34
33
36
32
31
31
30
32
32
31
34
34
33
35
34
33
33
35
32
32
37
28
36
36
32
32
30
30
32
34
33
21
17
30
29
28
30
36
36
34
32
31
32
34
29
28
25
20
19
29
34
31
33
34
33
35
32
32
34
33
39
36
36
32
30
34
37
37
29
31
34
34
33
34
35
33
34
32
34
35
34
31
36
34
33
33
33
30
33
34
36
31
31
31
35
35
31
33
36
26
30
35
35
34
29
32
36
36
36
35
21
18
27
29
28
33
36
33
35
35
34
31
29
28
28
26
28
18
17
29
31
35
35
34
31
30
36
29
34
38
34
36
32
27
34
35
31
31
32
34
34
34
36
35
34
34
36
36
31
34
34
36
36
33
34
32
32
29
33
30
32
36
33
29
32
32
35
37
34
35
35
36
34
30
34
31
35
32
33
30
25
31
30
33
33
30
35
31
30
36
31
22
15
25
29
30
31
33
31
34
31
31
29
28
27
30
18
19
23
36
31
33
30
36
35
32
36
30
30
33
35
31
35
36
34
29
31
28
28
36
37
36
39
37
34
33
