10
17
17
17
14
13
12
9
12
12
13
13
13
14
13
12
13
13
12
13
17
17
16
16
16
16
16
15
16
16
16
16
16
16
16
16
17
16
16
16
17
15
16
14
15
15
11
11
17
15
15
16
12
14
10
13
13
16
16
15
15
14
15
13
14
13
13
14
15
16
15
15
16
16
16
15
16
16
15
16
13
13
13
16
16
14
16
15
15
16
15
12
11
15
15
15
16
15
14
14
15
13
16
15
17
15
16
16
16
14
16
16
16
16
16
16
16
17
15
15
14
12
13
16
16
16
15
14
15
16
16
12
11
9
12
12
17
16
16
18
17
15
16
17
13
11
16
15
16
16
16
16
17
17
16
16
16
15
16
10
14
14
17
15
16
14
15
14
14
14
16
14
15
16
15
15
15
16
15
16
16
15
15
16
15
12
13
14
16
12
17
16
16
16
17
16
16
16
10
14
16
16
17
17
15
10
12
15
16
16
16
16
16
17
17
17
17
16
14
14
13
17
16
17
15
15
17
17
16
16
16
17
17
16
17
15
16
16
16
16
15
17
16
16
17
17
17
16
10
13
15
15
17
16
16
13
11
14
16
17
17
17
16
16
17
17
15
17
17
17
17
15
17
16
16
17
15
17
15
17
17
16
16
17
17
16
17
17
17
17
16
16
17
16
17
17
16
15
17
17
16
16
16
16
13
11
16
16
16
17
15
16
16
17
18
16
17
17
17
16
17
16
17
15
18
17
16
17
16
16
17
17
17
16
16
16
15
16
16
17
16
16
11
12
14
16
16
16
16
14
9
15
16
17
17
16
17
17
15
16
16
17
16
17
17
16
14
16
16
16
16
17
17
16
14
14
15
15
16
15
16
15
16
17
16
16
17
16
15
16
14
15
10
14
14
15
15
17
16
14
10
14
13
14
15
15
16
15
17
15
16
16
17
17
15
16
15
15
15
10
14
14
15
14
13
15
15
14
14
14
12
15
16
11
12
14
13
14
14
14
15
15
17
16
15
14
15
15
15
15
15
14
15
15
16
16
17
17
17
14
15
15
15
14
13
16
17
17
16
15
16
16
