21
35
34
33
32
34
30
18
15
23
23
26
26
23
26
27
30
25
24
23
26
18
18
21
28
24
24
25
25
27
26
28
27
26
24
26
33
30
30
33
35
34
33
35
33
34
36
34
33
30
33
34
30
32
33
30
32
34
35
33
33
34
30
35
32
32
34
33
35
31
33
36
34
30
31
33
33
31
29
28
31
29
33
34
36
36
34
34
33
36
31
31
35
33
32
33
32
31
29
20
23
18
32
29
28
31
35
29
32
31
31
35
29
26
26
17
17
31
29
35
36
35
35
32
31
32
32
33
33
34
33
36
36
31
27
32
31
34
31
36
33
35
35
32
30
28
29
32
33
34
35
35
33
29
31
30
33
26
30
34
35
34
35
33
33
32
35
34
33
35
34
33
32
30
31
30
30
27
26
31
31
34
31
35
35
36
19
20
25
28
33
30
31
34
33
34
33
31
29
27
32
28
18
17
31
35
31
30
33
33
32
36
35
33
30
31
30
34
36
33
33
32
30
34
36
36
31
33
30
29
27
31
34
32
34
32
30
32
33
31
33
29
31
30
33
37
35
35
36
34
34
33
30
34
34
38
36
33
30
28
31
32
35
34
34
35
31
32
36
32
35
37
34
32
30
29
34
19
17
27
33
31
33
29
35
35
33
30
32
28
29
18
17
29
31
29
27
28
34
32
30
33
33
33
35
35
36
32
36
36
37
34
35
30
29
32
35
31
33
32
33
34
30
29
29
33
32
35
31
33
37
32
33
33
34
34
30
35
34
34
33
34
30
30
29
28
29
30
33
33
29
35
33
34
35
32
35
33
33
34
30
33
33
34
36
34
36
20
15
28
31
32
32
21
27
35
37
37
35
27
28
29
28
19
16
25
27
27
28
30
35
31
36
32
30
31
34
33
34
29
32
28
33
34
37
37
35
35
36
38
36
35
33
33
38
34
33
33
30
32
33
34
32
28
29
31
30
27
29
34
32
35
34
35
35
34
34
34
31
31
36
37
34
32
32
35
30
31
28
33
35
34
30
30
35
31
29
24
25
17
29
29
29
25
31
32
33
32
18
16
29
33
31
30
33
35
33
32
31
28
31
30
30
34
34
36
36
35
34
34
33
33
34
32
30
33
33
32
28
29
35
33
35
34
30
31
34
34
35
33
34
33
28
32
31
29
32
34
31
34
35
33
29
31
29
35
29
30
32
34
33
32
34
32
32
34
30
35
29
18
19
22
30
32
32
34
33
34
36
35
35
28
27
29
30
32
18
16
28
33
29
34
35
33
36
36
33
34
35
37
37
34
34
35
35
33
37
35
31
29
35
34
31
34
32
34
30
29
34
34
34
34
34
35
36
35
33
33
33
35
33
35
33
36
32
33
32
31
33
26
30
32
34
34
35
35
35
36
36
33
33
34
36
34
33
33
33
33
32
31
34
30
30
31
27
15
30
29
27
36
36
34
32
33
34
35
30
29
29
30
27
19
16
30
36
33
36
35
31
33
32
33
30
33
33
32
33
30
30
32
32
32
35
34
37
36
33
36
33
34
34
32
34
36
35
34
35
36
31
29
32
33
30
30
30
28
28
30
37
34
37
35
34
32
26
27
27
30
31
33
33
32
32
33
30
29
32
32
34
36
36
33
36
29
28
20
29
19
21
30
33
31
28
29
31
32
36
35
37
39
29
26
29
26
29
32
27
33
32
33
31
30
30
32
31
34
37
35
36
34
33
36
33
34
34
35
36
38
33
33
37
34
32
32
30
29
30
35
33
29
36
34
35
37
35
36
35
34
30
29
29
32
33
34
29
30
27
32
29
31
34
33
35
31
29
30
32
30
35
35
33
37
34
35
35
35
33
31
33
19
16
31
30
30
34
34
35
33
31
28
27
24
25
29
19
15
27
33
31
26
28
33
32
31
29
33
33
32
33
28
31
35
34
34
33
29
35
32
36
28
33
36
32
32
33
33
30
34
35
34
36
36
37
34
35
33
28
35
34
36
30
26
25
30
33
33
34
36
32
19
18
27
27
27
32
32
35
32
29
31
27
24
16
31
27
36
35
37
34
35
36
32
33
31
32
29
31
34
32
35
32
33
33
34
34
33
23
24
30
32
33
34
33
33
33
33
34
34
35
34
34
31
31
25
30
34
37
36
36
32
36
34
32
37
36
37
36
23
26
29
29
35
32
32
30
33
33
30
33
32
32
32
30
31
31
35
36
19
16
31
32
29
37
32
36
35
32
35
30
33
27
30
29
30
20
20
25
29
26
