101, 238, 27, 82
102, 240, 28, 82
104, 239, 29, 82
107, 242, 30, 81
109, 243, 31, 80
110, 244, 33, 78
110, 248, 37, 75
109, 246, 38, 75
111, 243, 39, 75
112, 241, 38, 75
114, 239, 36, 75
117, 236, 34, 76
119, 235, 33, 76
119, 232, 32, 76
121, 231, 31, 76
122, 229, 30, 76
122, 228, 30, 76
123, 228, 31, 77
123, 228, 33, 77
124, 227, 35, 77
122, 228, 38, 75
122, 227, 40, 74
122, 225, 42, 74
122, 227, 42, 74
124, 225, 41, 76
125, 228, 40, 75
128, 229, 38, 75
132, 228, 35, 75
134, 228, 33, 75
136, 228, 33, 76
139, 224, 33, 76
140, 224, 32, 76
142, 224, 33, 76
143, 226, 35, 74
142, 226, 37, 73
139, 225, 37, 72
137, 227, 37, 72
135, 228, 37, 71
135, 228, 35, 71
133, 227, 34, 72
128, 229, 34, 72
129, 231, 33, 71
128, 228, 32, 72
125, 229, 31, 72
125, 231, 30, 73
125, 229, 31, 74
125, 230, 32, 74
126, 230, 35, 74
123, 229, 38, 74
117, 230, 40, 74
118, 228, 41, 74
119, 227, 42, 76
119, 227, 42, 77
120, 226, 41, 78
120, 226, 40, 78
121, 225, 40, 78
123, 223, 38, 79
125, 225, 37, 79
127, 227, 36, 80
131, 228, 34, 79
132, 227, 33, 79
133, 228, 34, 78
133, 227, 36, 76
133, 229, 38, 74
135, 228, 40, 73
136, 230, 40, 73
136, 230, 40, 72
139, 231, 41, 71
142, 231, 40, 71
145, 230, 37, 72
148, 230, 34, 72
149, 233, 33, 72
155, 235, 32, 71
155, 235, 32, 71
155, 234, 33, 70
154, 233, 35, 71
153, 228, 36, 72
154, 228, 37, 73
155, 230, 37, 73
154, 228, 37, 73
155, 228, 37, 72
156, 229, 36, 73
160, 227, 35, 74
164, 227, 33, 75
166, 228, 32, 75
168, 230, 31, 74
169, 230, 32, 74
167, 230, 32, 74
168, 229, 33, 74
169, 229, 35, 74
170, 229, 36, 74
172, 229, 35, 74
174, 230, 34, 74
178, 227, 33, 75
181, 230, 32, 75
184, 232, 31, 73
186, 232, 31, 72
187, 232, 32, 71
188, 232, 33, 69
188, 230, 34, 69
190, 228, 36, 70
191, 229, 36, 71
193, 229, 35, 72
193, 228, 34, 73
194, 228, 32, 73
195, 227, 31, 74
196, 228, 29, 74
196, 228, 29, 73
196, 230, 29, 73
194, 231, 29, 73
193, 232, 29, 73
191, 233, 30, 73
190, 234, 31, 73
190, 235, 30, 72
190, 236, 28, 73
191, 238, 27, 72
190, 241, 26, 71
192, 240, 25, 70
193, 242, 25, 71
193, 244, 25, 70
193, 243, 26, 68
195, 244, 27, 68
195, 243, 29, 68
195, 245, 31, 66
196, 244, 31, 65
196, 245, 32, 64
204, 243, 31, 64
203, 242, 31, 63
197, 240, 30, 63
200, 239, 29, 64
202, 239, 28, 63
202, 237, 27, 65
202, 235, 27, 65
207, 231, 26, 69
206, 231, 27, 69
212, 230, 25, 72
213, 230, 24, 73
213, 230, 24, 73
214, 232, 25, 73
215, 234, 25, 72
216, 234, 27, 69
222, 234, 26, 69
222, 233, 26, 69
223, 235, 28, 66
229, 236, 27, 65
230, 234, 26, 66
233, 235, 25, 67
239, 232, 24, 68
241, 236, 24, 67
242, 233, 24, 68
243, 235, 24, 67
244, 237, 25, 64
249, 237, 26, 63
251, 238, 27, 62
255, 238, 27, 62
255, 237, 26, 64
258, 231, 25, 68
260, 232, 25, 70
264, 232, 25, 70
265, 232, 24, 71
266, 228, 24, 73
265, 231, 25, 71
266, 232, 27, 69
271, 231, 27, 69
272, 230, 27, 70
272, 228, 27, 72
273, 227, 26, 72
274, 230, 26, 71
275, 231, 26, 71
275, 231, 26, 70
270, 229, 28, 68
272, 232, 28, 67
274, 233, 29, 66
276, 235, 29, 65
277, 235, 30, 64
279, 235, 31, 64
281, 233, 31, 64
283, 235, 30, 65
284, 235, 28, 65
285, 236, 27, 65
285, 237, 27, 65
286, 238, 27, 65
286, 238, 28, 65
285, 238, 28, 66
286, 240, 29, 67
287, 242, 29, 66
287, 242, 30, 65
289, 242, 29, 65
290, 241, 28, 64
290, 242, 28, 62
289, 243, 28, 61
288, 242, 28, 61
287, 242, 29, 59
286, 242, 29, 59
283, 242, 29, 58
285, 246, 33, 56
284, 246, 36, 54
283, 247, 38, 54
284, 245, 36, 57
286, 239, 34, 60
289, 230, 31, 64
287, 235, 30, 65
286, 233, 30, 67
287, 232, 31, 69
285, 231, 32, 71
285, 230, 34, 71
284, 230, 37, 70
290, 231, 37, 70
290, 230, 36, 70
291, 231, 35, 70
293, 231, 33, 70
295, 231, 32, 70
293, 232, 34, 69
294, 233, 35, 67
295, 231, 35, 66
294, 232, 37, 64
293, 233, 38, 62
294, 234, 37, 63
297, 233, 35, 64
300, 231, 32, 66
303, 229, 29, 69
304, 226, 27, 72
304, 228, 26, 73
303, 228, 27, 71
303, 225, 27, 71
301, 226, 28, 71
301, 226, 30, 69
302, 225, 31, 70
303, 225, 32, 70
303, 224, 31, 71
299, 229, 31, 71
300, 229, 31, 71
301, 230, 29, 71
301, 228, 28, 73
299, 228, 28, 73
300, 226, 28, 73
297, 227, 29, 72
297, 226, 29, 71
296, 226, 29, 71
296, 225, 30, 70
298, 223, 29, 70
301, 223, 27, 71
300, 226, 26, 70
302, 224, 25, 71
304, 226, 25, 70
304, 224, 26, 70
306, 226, 28, 68
306, 226, 29, 69
306, 224, 29, 70
306, 223, 30, 70
306, 223, 30, 71
307, 224, 30, 69
309, 224, 29, 69
311, 224, 28, 69
314, 227, 27, 68
314, 227, 26, 69
314, 225, 26, 69
314, 225, 27, 68
315, 226, 27, 68
316, 225, 28, 66
316, 225, 28, 65
316, 226, 28, 65
318, 225, 27, 64
319, 227, 26, 64
322, 230, 25, 63
322, 230, 26, 62
324, 226, 26, 62
325, 226, 27, 62
324, 225, 28, 63
328, 225, 28, 64
328, 228, 28, 63
328, 227, 27, 62
328, 226, 27, 62
329, 225, 26, 62
330, 224, 25, 63
329, 223, 25, 65
328, 223, 25, 67
329, 221, 25, 68
326, 216, 25, 70
326, 220, 26, 70
327, 223, 27, 68
328, 224, 27, 67
324, 226, 28, 66
327, 227, 27, 65
328, 226, 27, 65
325, 225, 27, 65
325, 223, 27, 65
324, 224, 27, 65
320, 223, 28, 65
321, 223, 29, 65
321, 223, 29, 65
315, 222, 30, 65
322, 218, 29, 69
323, 215, 28, 72
326, 218, 27, 72
327, 217, 28, 72
328, 220, 28, 71
329, 220, 28, 69
330, 219, 28, 68
330, 220, 27, 68
329, 222, 27, 67
329, 222, 27, 67
330, 222, 27, 68
332, 222, 26, 67
335, 220, 25, 68
337, 220, 25, 69
339, 214, 24, 71
340, 217, 25, 69
340, 217, 27, 67
341, 217, 27, 66
341, 218, 28, 64
340, 217, 28, 64
340, 218, 29, 63
342, 217, 29, 63
344, 216, 28, 62
346, 215, 27, 62
347, 217, 27, 61
347, 218, 26, 60
345, 218, 26, 59
344, 217, 26, 58
343, 218, 26, 58
341, 219, 26, 58
340, 220, 26, 57
340, 220, 25, 57
341, 218, 24, 60
344, 217, 23, 62
341, 219, 23, 61
338, 220, 24, 60
337, 221, 25, 59
338, 215, 25, 64
337, 213, 24, 68
337, 205, 24, 72
332, 209, 25, 74
333, 200, 25, 78
334, 200, 26, 80
334, 199, 27, 82
335, 198, 27, 84
334, 196, 29, 85
330, 189, 29, 86
330, 196, 29, 86
327, 146, 28, 88
326, 157, 28, 91
326, 152, 28, 92
326, 155, 28, 93
323, 155, 28, 95
324, 156, 28, 96
324, 162, 28, 97
326, 155, 29, 98
327, 157, 29, 100
327, 165, 29, 101
322, 160, 29, 101
324, 161, 29, 101
324, 159, 29, 102
324, 166, 29, 102
323, 166, 29, 103
322, 165, 29, 104
317, 159, 29, 104
318, 154, 30, 105
319, 154, 30, 105
313, 155, 30, 106
315, 157, 30, 106
315, 167, 31, 105
315, 166, 31, 105
314, 159, 31, 106
315, 159, 31, 107
311, 152, 31, 107
311, 161, 32, 107
306, 155, 31, 107
307, 156, 31, 107
307, 157, 31, 107
308, 157, 31, 108
303, 158, 31, 107
304, 158, 31, 107
297, 161, 31, 107
297, 164, 32, 107
298, 157, 32, 108
298, 158, 33, 108
292, 161, 33, 108
293, 153, 33, 110
286, 199, 33, 107
287, 198, 33, 107
281, 194, 33, 107
283, 188, 32, 106
283, 183, 32, 106
278, 192, 32, 106
280, 187, 32, 106
281, 171, 32, 107
281, 170, 32, 108
281, 171, 32, 108
282, 165, 32, 108
276, 159, 32, 109
278, 155, 31, 110
277, 157, 32, 111
277, 167, 32, 112
276, 169, 32, 112
278, 163, 31, 112
279, 157, 31, 112
278, 166, 32, 112
278, 169, 32, 111
278, 169, 32, 110
279, 163, 32, 110
278, 163, 32, 110
272, 157, 32, 110
273, 151, 32, 110
273, 153, 32, 110
267, 154, 32, 110
268, 155, 33, 110
269, 158, 33, 109
270, 151, 33, 109
269, 153, 33, 109
264, 154, 33, 109
265, 155, 33, 109
265, 157, 33, 108
265, 158, 34, 108
257, 197, 34, 106
259, 200, 35, 104
253, 201, 35, 103
254, 202, 35, 101
254, 201, 35, 101
248, 199, 34, 101
243, 183, 34, 102
243, 184, 34, 102
236, 193, 34, 102
237, 186, 34, 102
230, 194, 34, 101
231, 170, 34, 102
232, 163, 34, 102
227, 157, 33, 103
229, 157, 33, 104
228, 167, 33, 105
223, 168, 33, 105
224, 162, 32, 106
224, 163, 32, 107
225, 163, 32, 108
225, 171, 33, 108
219, 164, 33, 108
220, 157, 33, 108
215, 167, 32, 108
218, 160, 32, 110
218, 176, 33, 109
212, 161, 33, 109
213, 162, 33, 110
214, 164, 33, 110
213, 166, 33, 111
208, 167, 33, 111
209, 168, 33, 111
209, 176, 33, 110
208, 176, 33, 110
207, 175, 33, 110
207, 167, 33, 110
207, 168, 33, 112
205, 175, 33, 112
204, 174, 33, 112
204, 181, 33, 112
198, 177, 33, 111
200, 172, 32, 111
200, 180, 33, 111
194, 181, 33, 110
194, 181, 33, 110
188, 183, 33, 109
188, 182, 33, 108
183, 175, 33, 108
183, 183, 33, 108
177, 177, 33, 108
178, 177, 33, 109
172, 179, 33, 109
167, 181, 33, 109
167, 181, 33, 109
161, 182, 33, 109
161, 181, 33, 109
161, 180, 33, 109
155, 174, 33, 109
155, 182, 33, 109
155, 174, 33, 109
150, 176, 33, 110
152, 186, 33, 110
154, 180, 32, 111
155, 182, 32, 111
155, 183, 33, 111
154, 184, 33, 111
155, 185, 33, 111
155, 185, 33, 110
156, 179, 33, 111
156, 181, 33, 111
157, 190, 33, 110
157, 191, 33, 109
151, 191, 33, 108
151, 191, 33, 108
151, 190, 33, 107
145, 188, 33, 108
139, 186, 33, 108
131, 185, 34, 107
125, 186, 34, 107
125, 187, 34, 107
121, 179, 33, 109
116, 181, 33, 109
111, 185, 33, 109
111, 192, 33, 108
104, 194, 33, 107
104, 193, 33, 107
98, 186, 33, 108
92, 195, 33, 108
92, 194, 33, 108
87, 195, 33, 108
88, 188, 32, 109
84, 190, 32, 109
84, 192, 32, 109
84, 192, 32, 110
79, 195, 32, 110
80, 197, 32, 109
79, 206, 33, 108
73, 199, 33, 108
74, 192, 33, 108
69, 203, 33, 107
70, 203, 33, 107
70, 203, 32, 107
71, 195, 32, 109
71, 205, 32, 108
71, 199, 32, 109
71, 208, 32, 109
71, 207, 32, 109
65, 200, 32, 109
66, 210, 32, 109
67, 209, 32, 108
61, 202, 32, 108
63, 195, 32, 108
61, 203, 32, 109
61, 201, 32, 110
56, 194, 32, 110
56, 200, 33, 110
49, 193, 33, 110
50, 196, 33, 109
50, 196, 33, 109
49, 195, 33, 109
42, 194, 33, 109
41, 203, 33, 108
34, 202, 33, 110
27, 194, 33, 110
28, 220, 33, 110
20, 219, 33, 110
13, 219, 34, 110
7, 218, 34, 110
2, 198, 33, 111
4, 198, 33, 111
5, 196, 33, 112
4, 197, 33, 112
3, 209, 33, 112
4, 198, 33, 112
3, 198, 32, 112
3, 200, 32, 112
2, 198, 32, 113
2, 198, 32, 114
2, 198, 32, 114
3, 198, 32, 114
5, 197, 32, 114
7, 196, 32, 114
8, 196, 32, 114
9, 204, 32, 114
10, 194, 32, 114
13, 190, 32, 114
13, 198, 32, 115
13, 198, 32, 115
15, 191, 32, 114
16, 195, 32, 114
15, 197, 32, 115
16, 192, 33, 114
19, 203, 33, 114
19, 197, 33, 114
20, 193, 33, 114
21, 202, 33, 114
23, 203, 33, 114
25, 198, 32, 114
24, 206, 32, 114
25, 206, 32, 113
26, 205, 33, 113
26, 197, 32, 113
28, 193, 32, 113
28, 196, 32, 113
29, 205, 32, 112
31, 198, 32, 112
33, 199, 33, 112
35, 193, 32, 113
37, 195, 33, 112
39, 198, 33, 112
41, 200, 33, 112
43, 200, 33, 112
45, 193, 33, 112
46, 195, 33, 112
46, 206, 33, 111
48, 200, 33, 111
49, 208, 33, 110
48, 208, 33, 110
48, 209, 33, 109
49, 208, 34, 109
49, 208, 34, 108
49, 200, 34, 108
49, 201, 34, 108
49, 210, 34, 107
50, 193, 34, 108
51, 202, 33, 108
51, 201, 33, 108
51, 202, 33, 108
52, 201, 33, 108
52, 200, 33, 108
53, 193, 33, 108
54, 195, 33, 109
55, 205, 33, 108
55, 206, 33, 107
57, 191, 32, 109
56, 200, 32, 108
56, 194, 32, 109
56, 194, 32, 110
55, 202, 32, 109
54, 201, 32, 109
49, 194, 32, 109
51, 198, 32, 109
51, 207, 32, 109
51, 206, 32, 109
51, 199, 32, 109
51, 208, 32, 109
51, 209, 32, 109
50, 209, 32, 109
50, 209, 32, 109
50, 210, 32, 109
50, 210, 33, 109
50, 211, 33, 109
51, 203, 33, 109
52, 195, 33, 110
54, 205, 33, 110
55, 198, 33, 110
54, 207, 33, 110
56, 208, 33, 109
56, 202, 32, 109
57, 211, 32, 109
56, 211, 32, 109
56, 212, 32, 109
55, 205, 32, 109
55, 205, 32, 110
56, 205, 32, 110
55, 206, 33, 110
55, 217, 33, 109
55, 209, 33, 109
55, 218, 33, 108
55, 209, 33, 108
50, 202, 33, 108
52, 204, 33, 109
54, 207, 32, 110
56, 209, 32, 110
55, 219, 32, 109
56, 219, 32, 108
57, 221, 32, 107
58, 205, 32, 108
59, 214, 32, 108
58, 225, 33, 107
58, 216, 32, 107
58, 215, 32, 107
58, 208, 32, 107
58, 217, 32, 107
58, 218, 32, 107
59, 202, 32, 108
58, 232, 32, 107
59, 234, 33, 107
59, 209, 33, 107
59, 209, 32, 107
58, 209, 32, 108
58, 208, 32, 108
