21
30
32
35
32
34
35
32
31
28
27
27
26
26
30
26
30
28
25
24
27
28
27
23
26
26
30
29
26
17
18
25
33
33
30
30
35
33
29
34
29
24
27
31
17
19
24
27
29
32
30
29
31
28
28
26
30
30
29
35
34
36
34
33
36
34
31
32
28
35
34
30
34
31
31
32
29
24
28
37
35
33
34
35
35
35
33
33
36
37
35
28
25
22
24
28
32
30
34
33
36
33
36
35
36
36
34
31
37
19
23
32
34
35
33
35
33
25
21
17
31
37
35
33
34
34
29
32
32
33
31
35
32
32
34
34
35
34
35
37
35
35
36
33
35
31
35
34
36
36
34
34
36
32
33
34
35
34
34
32
33
32
33
31
28
33
35
35
35
33
34
29
35
37
31
36
35
35
30
37
34
17
18
23
30
32
31
36
33
35
37
33
29
31
28
27
20
16
29
34
32
31
31
33
33
34
32
34
34
34
34
34
33
37
32
34
34
33
32
33
30
30
35
31
34
35
32
35
35
35
29
33
37
34
32
33
34
31
30
30
35
34
35
33
34
35
35
35
37
35
34
34
37
37
33
33
28
33
16
29
30
34
33
32
34
34
34
32
32
29
31
32
22
16
30
27
35
36
32
36
33
29
30
32
33
35
34
32
31
33
33
35
35
33
36
35
30
35
34
34
33
33
34
30
37
30
35
33
34
30
33
29
31
31
36
36
30
33
27
34
27
27
30
30
31
27
30
28
31
30
30
30
30
14
20
18
27
28
32
24
21
27
34
31
35
33
28
28
31
35
33
26
28
30
35
32
33
30
25
34
36
36
33
32
31
36
33
32
34
31
35
30
33
36
32
33
31
30
32
34
35
34
33
34
30
30
30
31
32
33
27
28
29
31
31
33
34
36
30
35
36
19
17
27
30
35
31
35
34
33
32
31
30
28
27
20
17
28
28
29
32
32
28
29
33
35
31
36
34
33
32
35
33
35
37
34
30
36
32
35
34
34
32
33
29
29
34
31
29
34
35
37
31
34
32
36
35
34
36
31
35
38
32
34
36
35
32
37
31
32
33
30
34
31
20
27
27
26
28
19
17
29
29
31
35
35
31
32
28
29
29
31
18
17
30
31
29
30
36
35
30
36
22
25
32
32
35
36
34
34
34
34
35
34
33
34
36
28
25
31
32
29
31
32
32
34
30
32
30
32
28
23
35
33
31
33
28
32
36
30
36
32
34
33
34
32
34
32
32
31
29
32
33
20
17
28
33
35
33
34
31
34
31
26
29
30
28
22
22
29
29
33
28
32
32
31
34
32
33
35
30
35
33
34
31
32
33
35
29
35
34
36
33
33
32
32
31
30
33
34
35
37
33
34
33
34
34
31
31
28
30
32
24
25
25
36
32
35
37
33
37
33
34
35
34
33
29
30
33
32
35
34
35
32
18
28
27
33
29
37
37
34
35
29
28
26
28
16
21
29
30
34
34
34
34
37
34
33
30
32
32
34
36
33
33
37
