22
31
34
30
31
29
27
29
31
34
33
30
32
29
31
32
28
29
26
19
17
30
31
34
34
36
31
35
33
28
27
26
24
23
25
24
26
29
31
18
28
28
26
26
31
26
24
28
26
26
25
26
28
28
29
33
35
34
31
33
31
33
37
33
34
34
32
32
33
33
29
28
29
29
31
34
34
34
35
33
31
32
31
37
33
32
31
29
34
34
20
19
25
31
31
29
29
33
35
36
33
33
30
30
29
22
20
28
35
36
34
34
33
31
31
31
30
36
34
34
35
34
30
31
32
33
27
29
29
34
33
34
34
33
31
32
29
33
34
29
34
34
35
37
35
33
35
35
33
35
34
31
34
36
34
29
33
32
30
29
32
35
30
30
36
35
33
35
33
33
33
36
36
34
36
35
33
30
26
30
21
33
35
31
33
33
30
32
29
30
30
30
31
21
19
28
27
28
35
34
35
30
33
35
33
35
37
32
33
35
32
34
34
36
37
29
32
32
30
30
34
34
34
33
37
35
33
34
31
35
37
35
35
31
28
26
33
30
33
33
34
34
33
35
32
34
35
34
35
34
26
27
34
30
33
34
33
35
30
21
18
23
25
29
32
27
30
31
30
33
26
28
29
23
17
28
28
29
30
34
31
33
30
32
33
30
33
29
33
25
29
23
29
31
35
35
36
33
29
29
37
35
32
32
33
30
30
26
26
27
28
29
28
22
23
27
29
29
26
30
28
27
29
29
29
28
28
29
29
27
29
30
30
28
26
19
16
26
24
27
30
29
27
24
26
21
23
24
23
26
25
29
27
27
28
28
20
29
30
28
28
26
27
28
27
