23
30
34
36
35
34
34
34
28
29
24
25
21
26
29
29
33
35
36
27
24
33
27
31
32
32
32
33
35
34
34
33
34
33
35
36
34
34
34
36
32
30
31
33
32
33
31
35
30
35
36
37
34
36
38
34
37
36
35
35
33
32
34
31
34
35
36
35
28
34
33
33
35
37
33
34
34
28
30
32
28
32
36
33
31
29
23
21
23
29
29
34
33
30
34
38
31
35
32
29
27
29
22
19
29
28
30
29
33
29
32
36
37
33
34
34
33
35
31
32
35
33
35
35
30
32
34
32
31
30
27
33
34
34
34
35
34
31
36
32
35
36
35
35
33
31
34
33
30
31
33
33
33
34
34
36
35
32
35
33
31
32
37
35
27
25
27
26
23
25
26
26
28
26
17
22
25
26
26
28
24
23
34
32
28
25
29
30
21
19
28
33
31
35
33
28
36
36
35
33
33
36
34
34
37
32
32
28
33
34
37
35
36
38
32
36
31
31
32
34
34
32
30
28
30
29
31
33
35
33
29
33
35
30
35
27
35
36
34
35
35
33
33
33
36
36
31
35
35
32
34
33
34
33
32
28
20
19
28
33
29
31
29
33
31
35
33
35
29
29
30
29
22
21
32
34
36
36
32
34
32
27
29
28
33
31
34
36
34
35
34
33
35
34
34
32
34
33
31
32
34
35
33
31
32
31
32
31
32
33
28
34
30
32
34
34
29
34
29
37
32
34
33
31
30
30
29
31
31
35
33
32
30
35
34
32
31
28
32
33
34
33
33
34
34
34
31
21
21
29
27
30
35
34
33
34
35
32
29
29
28
34
27
23
20
29
30
30
30
30
34
33
33
32
34
35
35
36
32
33
32
35
32
34
35
36
33
29
31
34
36
29
33
35
33
33
32
32
36
32
32
29
32
34
35
34
33
34
27
29
34
32
28
31
32
34
35
35
33
29
34
34
34
35
36
32
29
35
35
29
33
32
30
31
30
30
34
20
19
26
31
37
32
34
32
29
28
29
30
29
26
28
20
21
30
29
34
33
32
33
35
34
35
32
29
34
35
34
31
30
33
28
31
33
34
32
32
35
34
35
32
30
34
35
31
34
34
34
37
28
31
32
29
34
29
32
36
32
33
30
35
33
35
32
35
30
31
32
30
29
34
32
34
37
33
32
22
17
29
35
34
30
29
31
31
32
26
33
29
32
26
33
20
21
30
33
32
32
34
35
34
27
30
32
30
31
33
32
36
35
35
34
34
33
36
29
34
35
33
33
31
33
34
30
31
35
34
33
33
30
32
33
33
36
36
31
30
31
32
31
36
34
30
37
31
30
30
25
28
33
34
35
35
34
33
34
31
33
34
35
36
34
30
33
35
36
30
21
19
31
29
34
36
31
35
35
35
32
35
33
27
27
28
19
21
26
28
33
34
33
30
32
30
32
33
34
32
33
33
34
36
34
35
34
34
37
34
30
30
31
29
28
32
33
36
35
33
36
32
35
34
34
31
31
30
34
35
32
29
31
31
32
31
32
31
35
36
32
30
32
36
35
34
33
33
31
34
35
35
30
31
34
31
31
33
33
33
34
34
30
33
29
35
32
36
28
27
26
27
20
25
27
29
33
34
35
33
33
36
34
33
32
35
33
