13
22
27
26
25
26
27
30
24
24
26
26
23
23
26
16
25
25
28
23
21
26
26
27
29
31
35
34
34
33
28
30
29
33
35
29
29
31
31
30
34
34
30
31
31
32
29
33
29
31
35
32
24
27
29
28
35
28
33
29
34
33
35
33
32
35
35
33
32
30
30
28
29
33
30
35
35
33
31
32
31
23
17
23
29
29
34
34
36
33
34
34
33
23
27
25
22
25
29
28
27
29
29
35
33
33
36
31
36
35
32
33
35
34
24
29
29
31
32
31
30
31
31
34
34
36
37
33
36
34
36
32
29
34
35
34
35
34
36
33
34
32
34
36
34
31
34
32
32
31
32
30
35
32
30
28
31
32
33
33
35
33
32
33
34
20
28
29
30
29
31
22
23
30
29
28
28
21
20
26
26
32
34
30
33
33
33
37
31
35
35
37
33
37
31
35
35
35
36
34
34
36
36
30
33
33
30
34
31
35
31
33
29
35
33
33
32
35
34
34
35
34
33
35
35
35
35
35
35
34
32
29
32
30
31
30
32
32
34
32
30
33
33
31
38
22
18
29
32
37
34
35
32
31
32
28
28
26
26
30
20
20
30
28
32
32
31
32
32
35
31
31
33
35
34
30
30
30
32
31
30
26
29
29
34
37
34
33
36
32
34
34
34
34
32
35
36
34
33
29
31
29
30
28
28
34
31
34
33
31
34
34
28
28
32
32
33
33
33
30
32
36
32
30
29
30
18
19
23
34
36
34
34
36
33
35
33
30
29
20
22
31
30
34
34
32
29
33
31
31
28
34
29
31
36
35
37
32
35
37
36
33
32
37
35
33
35
34
33
31
33
33
32
32
34
32
33
34
31
36
33
36
33
36
33
32
32
35
36
34
36
