22
29
29
33
30
29
29
15
21
22
23
23
27
26
27
28
27
26
23
25
18
16
25
20
23
28
28
31
32
34
27
26
19
17
26
27
26
31
33
32
28
36
32
31
34
35
33
32
32
31
34
34
35
31
35
31
31
31
32
29
30
28
28
30
34
34
30
24
30
29
27
32
32
31
34
31
29
31
30
32
33
35
34
36
32
35
33
25
20
24
35
25
24
29
28
33
35
31
34
34
33
33
19
18
28
26
30
32
32
32
31
32
28
26
27
24
20
19
25
34
32
28
34
32
27
32
33
31
32
35
29
29
35
33
32
35
34
32
35
28
28
27
35
27
29
34
31
33
35
34
28
32
30
32
31
35
32
33
34
32
32
34
35
35
32
32
35
32
26
29
28
33
28
30
33
37
33
35
35
32
35
31
29
31
17
18
27
27
28
31
34
28
29
24
15
28
27
35
34
36
35
33
36
31
33
33
31
29
33
34
31
30
31
33
34
32
36
33
35
35
35
32
29
28
27
32
28
30
35
30
34
35
34
33
34
34
32
33
32
33
33
34
31
33
34
35
34
33
33
35
34
35
32
31
34
28
29
35
33
33
29
30
30
31
27
19
27
29
29
36
32
33
34
34
34
32
28
26
30
19
14
28
28
31
31
34
31
28
33
34
31
34
34
33
34
34
33
34
31
34
31
32
29
32
29
30
33
34
34
32
35
33
32
33
31
30
32
32
35
32
32
29
31
33
32
30
33
34
33
35
34
32
34
31
33
34
35
35
35
31
29
29
31
33
34
33
35
33
32
33
17
18
25
30
30
31
36
30
31
32
31
20
20
17
25
25
35
31
32
33
33
33
30
34
33
33
35
33
27
28
32
31
33
37
33
33
35
32
34
28
33
34
33
32
36
33
34
33
34
30
29
30
32
33
33
33
34
32
34
35
31
31
32
33
29
32
33
32
33
32
32
32
33
34
33
31
33
18
17
30
30
30
29
34
27
27
35
31
28
28
18
24
32
29
32
32
33
32
25
33
29
30
26
28
31
27
27
28
31
32
32
31
34
34
32
34
33
32
28
30
31
25
29
29
35
33
30
31
36
35
34
32
32
28
33
33
34
34
31
33
32
34
35
33
33
32
34
35
33
32
33
35
30
32
30
35
33
34
33
18
27
34
36
31
29
34
32
31
28
30
29
24
13
28
27
30
30
31
30
32
35
29
32
33
33
34
32
34
29
31
32
32
33
32
34
33
32
31
29
32
30
31
33
28
30
31
33
28
25
26
26
30
29
24
27
29
30
31
34
32
31
29
29
29
32
27
31
33
29
30
32
34
20
26
28
27
30
34
33
32
27
28
18
26
27
35
35
34
33
34
32
33
34
35
35
32
31
30
30
30
28
34
33
33
32
27
33
33
34
30
34
31
30
32
33
30
34
33
32
34
35
34
33
32
28
33
30
30
30
32
34
33
32
33
33
17
17
34
34
33
33
29
34
28
28
27
21
19
29
33
34
34
33
33
31
32
34
35
35
30
32
33
28
36
33
32
33
33
33
34
31
33
33
30
31
32
34
32
29
27
34
35
28
33
33
33
30
36
25
26
26
33
32
31
31
31
28
33
33
31
33
33
32
31
32
34
18
15
27
28
32
34
31
32
29
29
28
28
29
29
18
18
28
33
31
35
34
34
33
33
35
29
28
31
32
28
33
34
33
34
33
33
33
31
33
30
34
32
35
29
34
31
30
31
33
33
34
34
28
32
33
35
34
34
35
28
35
36
33
30
31
31
33
31
31
30
33
30
33
29
33
35
33
35
31
31
35
30
34
34
19
17
28
29
30
27
30
28
34
31
25
14
24
22
22
26
28
30
31
36
34
36
34
31
36
31
31
33
31
34
31
35
33
31
34
32
29
32
32
26
35
35
31
34
36
33
35
36
35
32
33
33
30
34
32
34
34
33
36
35
36
30
34
35
35
31
33
37
36
32
19
18
28
34
34
31
33
32
33
33
33
26
29
27
13
29
31
32
31
35
34
36
34
33
33
34
33
32
32
34
35
32
33
32
34
34
33
35
34
36
32
32
32
32
29
37
29
34
34
32
36
36
33
32
30
34
33
35
33
34
34
35
20
16
25
32
32
33
32
34
32
28
27
20
19
30
32
34
32
32
35
33
32
36
35
34
35
31
31
28
34
29
34
31
33
32
32
35
36
33
34
31
35
34
33
33
34
34
32
35
34
33
33
33
33
32
30
29
35
34
36
32
33
34
32
33
31
32
28
33
33
34
18
17
29
29
35
34
33
32
27
32
32
28
29
30
28
22
18
28
31
33
33
32
33
34
32
32
33
32
31
34
33
34
37
36
33
33
33
34
35
34
34
34
34
29
34
32
33
31
33
32
33
31
30
32
33
32
34
31
32
33
35
32
36
33
31
36
34
29
28
30
36
30
34
32
35
36
36
34
32
34
32
32
35
30
25
33
28
33
33
32
25
29
25
15
30
28
36
32
35
31
34
29
31
30
28
31
35
32
36
31
32
34
32
34
34
32
34
35
32
33
32
30
32
32
34
32
34
36
32
33
35
34
33
33
31
32
34
34
31
35
34
27
