66, 153, 189, 176
70, 152, 184, 177
74, 152, 180, 177
75, 153, 178, 179
76, 152, 180, 178
78, 153, 181, 180
77, 153, 182, 181
78, 153, 182, 183
78, 154, 182, 184
78, 155, 183, 185
78, 156, 183, 185
79, 158, 187, 184
80, 159, 188, 187
82, 160, 188, 188
86, 164, 187, 189
85, 166, 187, 189
85, 169, 186, 191
89, 171, 188, 191
89, 175, 188, 192
88, 180, 189, 191
107, 180, 192, 189
104, 181, 195, 189
102, 183, 195, 192
100, 184, 197, 193
103, 186, 199, 195
108, 184, 200, 196
131, 183, 201, 194
131, 181, 202, 194
151, 180, 200, 192
154, 179, 198, 192
159, 178, 195, 190
169, 176, 188, 189
196, 160, 184, 186
198, 165, 180, 182
186, 164, 177, 178
193, 162, 174, 175
197, 147, 169, 172
203, 148, 166, 168
208, 152, 165, 162
212, 146, 161, 157
217, 150, 158, 154
219, 154, 157, 149
210, 155, 153, 145
218, 158, 150, 141
223, 158, 148, 139
228, 158, 147, 136
231, 160, 144, 133
234, 162, 142, 130
237, 153, 141, 130
239, 158, 140, 129
244, 159, 139, 128
238, 158, 135, 126
246, 159, 132, 126
279, 157, 131, 126
295, 156, 130, 126
326, 129, 128, 129
335, 123, 126, 131
344, 126, 124, 134
336, 121, 124, 135
335, 118, 125, 136
361, 126, 127, 135
357, 117, 130, 135
391, 97, 133, 132
390, 106, 134, 132
372, 116, 134, 134
375, 112, 135, 135
376, 122, 138, 136
380, 118, 139, 138
378, 125, 143, 139
410, 113, 143, 142
406, 118, 146, 144
417, 120, 150, 145
416, 123, 151, 145
415, 125, 152, 146
430, 123, 155, 149
435, 112, 154, 153
437, 116, 155, 153
439, 118, 154, 152
441, 122, 151, 153
441, 125, 150, 152
449, 117, 149, 153
449, 123, 147, 151
449, 127, 146, 149
466, 118, 147, 146
464, 123, 146, 144
459, 125, 148, 142
455, 127, 149, 141
451, 127, 149, 141
449, 125, 148, 141
449, 125, 149, 141
448, 124, 149, 140
450, 125, 148, 138
451, 125, 147, 137
453, 126, 146, 135
442, 127, 145, 134
447, 129, 144, 133
451, 128, 142, 131
454, 127, 142, 130
457, 126, 142, 131
458, 127, 142, 132
459, 128, 144, 133
459, 129, 146, 134
461, 130, 149, 134
477, 131, 150, 134
475, 133, 152, 135
475, 135, 155, 135
475, 139, 157, 134
475, 143, 159, 133
476, 145, 161, 134
476, 147, 161, 135
477, 147, 162, 137
478, 149, 163, 137
483, 152, 161, 137
486, 154, 159, 136
490, 155, 156, 135
491, 156, 156, 136
491, 155, 154, 136
493, 156, 152, 136
493, 155, 152, 136
491, 157, 152, 134
488, 156, 154, 134
485, 154, 156, 134
482, 152, 159, 134
479, 151, 161, 134
478, 151, 161, 134
477, 150, 161, 135
476, 141, 161, 136
473, 143, 161, 134
472, 142, 159, 134
472, 143, 158, 134
471, 144, 156, 134
471, 143, 157, 135
471, 144, 157, 135
470, 145, 158, 136
469, 147, 159, 138
469, 148, 159, 140
467, 153, 160, 141
464, 156, 160, 141
463, 161, 159, 141
465, 154, 158, 141
466, 163, 155, 140
451, 170, 152, 140
450, 176, 150, 140
449, 180, 149, 142
451, 174, 149, 143
448, 181, 151, 144
446, 173, 155, 147
444, 166, 158, 149
462, 155, 159, 151
475, 140, 161, 151
469, 146, 163, 151
463, 150, 165, 151
457, 149, 166, 153
450, 149, 168, 154
443, 149, 169, 155
435, 148, 170, 157
411, 150, 175, 157
423, 130, 177, 158
417, 131, 177, 159
410, 130, 177, 159
403, 129, 177, 158
397, 128, 178, 158
394, 131, 178, 157
375, 134, 179, 158
375, 139, 177, 159
376, 125, 178, 160
376, 132, 179, 158
376, 136, 177, 158
376, 125, 177, 157
376, 129, 174, 157
375, 133, 171, 156
372, 136, 171, 156
370, 124, 173, 154
369, 128, 172, 154
368, 119, 174, 155
367, 127, 175, 155
366, 113, 175, 155
349, 121, 178, 156
350, 127, 178, 157
337, 118, 181, 157
339, 123, 183, 157
340, 126, 181, 158
322, 133, 180, 158
324, 124, 181, 156
325, 120, 182, 155
325, 130, 181, 154
324, 137, 179, 155
308, 132, 177, 153
310, 127, 176, 150
315, 135, 168, 149
316, 132, 165, 146
317, 139, 160, 146
317, 137, 158, 144
320, 145, 156, 145
321, 142, 156, 144
320, 149, 156, 145
323, 146, 156, 143
324, 155, 154, 143
326, 151, 154, 143
329, 148, 153, 142
328, 155, 152, 144
329, 152, 152, 143
331, 150, 151, 141
330, 158, 149, 140
331, 155, 148, 139
330, 159, 146, 140
332, 155, 145, 140
330, 160, 144, 141
330, 157, 144, 141
330, 164, 143, 140
331, 160, 143, 140
332, 157, 143, 140
332, 153, 143, 140
332, 160, 143, 140
333, 152, 144, 140
334, 149, 148, 138
336, 144, 150, 136
337, 149, 150, 138
339, 143, 151, 137
339, 147, 152, 138
339, 138, 154, 138
342, 132, 156, 138
344, 138, 159, 138
349, 130, 159, 138
348, 131, 160, 142
353, 120, 161, 146
357, 115, 163, 146
358, 108, 165, 149
358, 101, 166, 152
345, 96, 167, 156
365, 86, 167, 159
363, 79, 168, 162
363, 74, 169, 165
361, 64, 169, 168
361, 58, 168, 169
363, 52, 165, 167
362, 61, 162, 167
362, 54, 161, 165
359, 45, 160, 164
357, 56, 159, 164
352, 48, 157, 163
325, 56, 156, 164
300, 51, 157, 165
294, 43, 157, 166
289, 36, 156, 168
285, 44, 154, 168
282, 17, 152, 170
279, 27, 151, 168
275, 19, 149, 166
268, 29, 148, 165
263, 20, 147, 164
258, 17, 146, 163
255, 26, 144, 161
251, 19, 143, 159
248, 30, 141, 156
188, 81, 140, 149
176, 79, 142, 144
163, 93, 143, 139
131, 104, 143, 136
176, 81, 143, 134
166, 95, 143, 132
101, 117, 139, 131
107, 118, 135, 129
113, 118, 131, 129
119, 116, 128, 128
108, 115, 126, 128
114, 116, 123, 126
120, 114, 121, 125
124, 113, 119, 122
114, 116, 118, 121
118, 114, 117, 120
122, 115, 115, 119
124, 115, 113, 117
125, 115, 112, 116
127, 115, 111, 115
129, 115, 109, 114
130, 114, 109, 114
130, 114, 108, 113
131, 116, 108, 111
131, 115, 108, 110
120, 117, 108, 110
134, 117, 107, 110
123, 118, 106, 109
125, 118, 105, 109
125, 118, 105, 109
126, 118, 105, 109
126, 117, 105, 109
126, 117, 105, 109
127, 118, 105, 109
127, 117, 105, 108
128, 118, 105, 107
129, 118, 104, 107
129, 118, 104, 107
130, 118, 104, 106
132, 117, 103, 106
120, 120, 104, 105
122, 120, 105, 106
123, 120, 105, 106
124, 120, 105, 106
124, 120, 105, 106
125, 120, 105, 106
124, 120, 106, 106
125, 119, 106, 106
126, 119, 106, 106
127, 120, 106, 106
127, 118, 106, 106
128, 119, 106, 106
128, 118, 106, 106
129, 120, 105, 105
130, 120, 104, 105
130, 121, 104, 105
131, 121, 103, 105
121, 113, 103, 106
123, 117, 103, 106
125, 118, 103, 106
125, 119, 102, 106
125, 120, 102, 106
125, 120, 102, 106
125, 121, 103, 106
125, 121, 102, 106
126, 122, 102, 106
126, 121, 102, 107
126, 121, 103, 107
126, 121, 103, 107
127, 121, 103, 107
127, 121, 103, 107
128, 121, 103, 107
127, 114, 104, 107
127, 116, 104, 107
129, 118, 105, 106
129, 119, 105, 106
129, 119, 105, 106
130, 119, 104, 106
131, 119, 104, 106
178, 126, 105, 105
153, 119, 107, 105
128, 120, 106, 105
128, 119, 106, 106
129, 112, 105, 106
130, 114, 104, 107
130, 117, 105, 107
131, 118, 105, 107
120, 120, 105, 107
121, 122, 105, 106
124, 122, 105, 107
125, 115, 104, 107
125, 117, 105, 107
125, 119, 106, 107
125, 119, 106, 107
127, 120, 105, 106
128, 119, 105, 106
129, 119, 105, 106
129, 119, 105, 106
129, 120, 105, 106
129, 119, 105, 106
130, 120, 104, 106
130, 120, 104, 106
131, 120, 104, 106
120, 122, 104, 106
122, 115, 104, 107
122, 118, 104, 107
123, 119, 104, 107
125, 120, 103, 107
125, 122, 103, 107
125, 122, 103, 107
126, 123, 103, 107
125, 114, 103, 107
124, 117, 103, 107
125, 118, 103, 107
125, 120, 103, 106
125, 121, 103, 107
126, 123, 102, 107
126, 121, 102, 107
126, 121, 103, 107
125, 122, 103, 107
125, 122, 102, 107
126, 123, 102, 107
126, 114, 103, 107
125, 116, 104, 107
124, 118, 104, 107
124, 119, 104, 107
125, 121, 103, 107
124, 121, 104, 107
125, 122, 103, 107
126, 122, 103, 107
126, 121, 103, 107
125, 121, 104, 107
124, 121, 104, 106
124, 122, 104, 107
124, 123, 104, 107
125, 122, 104, 107
126, 113, 104, 108
154, 122, 107, 107
142, 122, 108, 107
142, 122, 109, 107
138, 122, 108, 108
136, 122, 106, 110
132, 112, 106, 110
77, 131, 107, 112
74, 136, 107, 113
73, 128, 107, 113
127, 185, 113, 116
124, 186, 118, 118
122, 187, 120, 120
140, 142, 122, 125
140, 129, 126, 128
139, 129, 129, 130
136, 129, 132, 132
134, 130, 135, 135
135, 129, 134, 137
135, 129, 135, 138
134, 129, 136, 139
134, 129, 137, 140
134, 133, 138, 141
132, 132, 137, 143
135, 132, 137, 143
136, 129, 137, 144
136, 129, 137, 145
134, 128, 138, 146
135, 127, 139, 147
135, 128, 140, 147
136, 126, 140, 146
134, 128, 141, 147
135, 128, 144, 150
134, 128, 146, 152
134, 129, 148, 155
134, 132, 151, 156
132, 133, 156, 158
132, 132, 159, 160
149, 131, 158, 161
164, 130, 159, 161
177, 130, 162, 160
208, 132, 164, 158
204, 133, 165, 159
188, 134, 164, 162
193, 140, 163, 165
189, 186, 165, 165
189, 208, 168, 163
209, 211, 171, 161
226, 212, 172, 159
245, 211, 171, 159
245, 215, 170, 159
249, 216, 168, 158
258, 200, 164, 159
266, 186, 159, 158
273, 176, 155, 159
319, 149, 156, 158
338, 139, 159, 156
339, 131, 166, 152
340, 135, 167, 153
341, 126, 169, 150
344, 134, 171, 149
344, 135, 172, 151
347, 123, 175, 150
348, 132, 176, 149
350, 136, 177, 150
352, 129, 179, 151
354, 135, 180, 156
370, 142, 178, 159
384, 125, 177, 160
395, 127, 178, 160
388, 133, 179, 161
398, 136, 180, 162
412, 122, 179, 161
404, 128, 178, 160
418, 129, 176, 161
414, 131, 177, 161
415, 136, 176, 161
429, 138, 173, 161
429, 127, 168, 161
428, 137, 167, 159
442, 141, 163, 157
435, 145, 163, 156
428, 148, 162, 155
422, 152, 162, 153
417, 155, 163, 152
410, 157, 166, 152
404, 158, 168, 154
398, 161, 169, 155
376, 165, 170, 158
376, 150, 171, 160
372, 156, 170, 161
371, 143, 171, 162
367, 150, 172, 163
363, 141, 171, 162
342, 156, 174, 162
338, 168, 174, 162
341, 174, 173, 164
343, 179, 172, 165
345, 196, 175, 160
350, 197, 175, 158
351, 219, 184, 146
339, 236, 191, 138
330, 234, 194, 135
339, 231, 195, 134
323, 146, 177, 154
331, 141, 157, 175
340, 138, 138, 190
348, 142, 124, 198
353, 147, 118, 200
356, 154, 115, 199
354, 144, 114, 198
356, 156, 117, 193
360, 163, 119, 190
363, 170, 121, 185
396, 153, 121, 184
361, 163, 123, 181
360, 154, 125, 179
374, 148, 127, 176
369, 142, 130, 173
361, 138, 132, 171
372, 149, 133, 170
386, 151, 131, 172
401, 225, 137, 163
380, 225, 143, 155
374, 242, 150, 143
359, 243, 157, 131
363, 242, 159, 126
363, 243, 162, 120
353, 259, 166, 113
357, 257, 168, 107
358, 259, 168, 103
361, 260, 168, 101
364, 261, 168, 99
368, 262, 168, 97
360, 260, 167, 96
366, 260, 167, 96
360, 259, 166, 95
365, 259, 167, 95
358, 259, 166, 94
364, 269, 166, 93
359, 264, 165, 92
365, 261, 165, 92
359, 260, 165, 92
366, 270, 165, 91
358, 266, 164, 90
364, 263, 164, 91
370, 265, 165, 91
359, 263, 166, 92
364, 262, 166, 92
367, 263, 166, 93
357, 263, 167, 92
352, 272, 167, 91
360, 267, 165, 90
356, 267, 165, 89
362, 266, 163, 89
357, 265, 162, 89
362, 263, 161, 89
366, 263, 161, 90
367, 264, 161, 90
367, 263, 161, 90
367, 263, 162, 90
367, 264, 162, 90
366, 263, 162, 90
368, 263, 162, 90
368, 265, 160, 89
368, 264, 160, 89
370, 264, 159, 88
371, 264, 159, 88
370, 264, 160, 88
369, 263, 161, 88
369, 263, 161, 89
368, 263, 162, 89
367, 264, 163, 89
368, 264, 163, 90
368, 264, 163, 90
368, 264, 164, 90
368, 264, 165, 90
368, 266, 164, 89
367, 266, 165, 89
366, 266, 165, 89
366, 264, 166, 90
368, 265, 163, 89
367, 265, 162, 89
367, 263, 162, 90
368, 263, 162, 90
367, 263, 162, 91
369, 261, 162, 92
367, 261, 163, 92
367, 261, 162, 92
367, 261, 162, 93
369, 260, 163, 94
368, 259, 163, 94
368, 261, 165, 93
369, 262, 165, 93
369, 260, 166, 93
370, 261, 167, 93
370, 259, 167, 93
363, 248, 162, 99
367, 241, 159, 104
366, 239, 158, 108
363, 236, 158, 112
363, 234, 156, 115
362, 231, 155, 118
365, 250, 160, 112
353, 252, 168, 106
354, 253, 173, 103
341, 254, 180, 101
343, 255, 182, 100
347, 254, 182, 101
349, 262, 180, 100
352, 256, 178, 100
354, 254, 176, 101
355, 254, 174, 101
357, 254, 173, 101
350, 253, 175, 101
355, 259, 173, 100
348, 254, 173, 100
355, 252, 173, 100
357, 260, 171, 100
350, 257, 172, 99
356, 254, 172, 99
357, 262, 170, 98
349, 257, 173, 98
353, 254, 172, 98
359, 166, 166, 111
380, 145, 163, 121
382, 143, 161, 129
383, 144, 160, 134
385, 144, 159, 139
391, 132, 159, 139
374, 136, 160, 141
379, 127, 161, 140
381, 130, 160, 142
381, 132, 161, 143
362, 135, 165, 144
377, 120, 166, 146
359, 126, 169, 146
342, 134, 174, 147
341, 138, 174, 149
322, 142, 174, 154
306, 135, 174, 156
303, 139, 175, 158
264, 145, 174, 160
284, 134, 174, 160
260, 143, 178, 158
262, 132, 177, 159
220, 159, 175, 155
201, 162, 171, 155
203, 165, 167, 155
205, 167, 164, 155
202, 187, 162, 153
202, 186, 160, 152
185, 191, 158, 153
186, 194, 159, 154
209, 177, 156, 157
226, 159, 158, 159
226, 143, 160, 159
245, 147, 162, 159
243, 148, 164, 160
218, 170, 167, 163
194, 171, 169, 168
191, 173, 172, 170
187, 176, 175, 172
180, 177, 179, 174
169, 179, 180, 175
163, 178, 179, 176
154, 176, 179, 179
145, 172, 179, 181
137, 167, 179, 182
127, 161, 179, 184
116, 154, 178, 186
105, 152, 180, 189
96, 150, 184, 190
89, 152, 188, 189
84, 148, 188, 190
76, 148, 189, 189
74, 147, 191, 190
71, 146, 192, 190
71, 144, 190, 190
72, 145, 187, 190
67, 147, 185, 189
65, 149, 182, 188
66, 154, 178, 185
65, 158, 173, 183
64, 161, 167, 179
64, 167, 162, 176
64, 170, 157, 172
65, 174, 154, 171
64, 175, 152, 169
68, 177, 149, 166
67, 176, 147, 166
67, 179, 146, 164
67, 182, 147, 163
69, 183, 145, 162
67, 183, 144, 162
68, 182, 143, 163
69, 182, 143, 163
69, 182, 144, 163
70, 183, 145, 163
71, 184, 147, 163
72, 185, 147, 163
71, 186, 148, 162
73, 186, 148, 163
74, 188, 149, 163
74, 189, 150, 163
74, 190, 152, 163
