22
33
32
34
34
33
32
29
26
24
24
23
16
25
23
27
23
26
23
23
25
35
33
33
33
33
36
32
34
34
34
34
33
31
35
32
31
31
29
29
26
27
31
27
31
29
29
29
33
33
33
33
31
32
32
34
35
35
34
33
35
27
32
28
27
28
29
26
29
31
32
31
30
31
34
35
34
20
21
31
31
32
30
35
32
33
31
28
28
25
24
27
18
18
27
30
29
31
34
31
32
34
34
33
34
32
34
32
34
34
34
29
30
27
27
26
24
26
28
30
34
34
32
33
34
35
35
35
32
35
34
31
28
28
27
27
30
31
31
33
28
32
34
31
34
34
33
33
33
36
32
33
21
18
27
28
32
29
34
34
33
32
25
29
25
31
29
26
29
29
32
32
33
31
33
30
36
31
34
33
34
34
34
31
30
26
27
27
26
27
30
29
32
33
32
32
31
33
34
32
34
31
32
25
29
33
33
28
28
28
29
27
27
33
30
20
33
28
27
31
31
32
31
29
31
29
32
34
32
30
31
34
30
26
27
30
28
26
28
30
35
31
31
35
33
31
32
31
32
31
33
34
30
29
26
25
30
28
32
30
33
31
31
32
32
33
34
32
33
33
26
29
21
25
29
30
33
32
29
29
27
22
30
35
28
27
30
28
31
30
30
28
27
35
34
35
33
37
35
35
34
27
28
31
34
34
33
34
29
31
31
30
28
28
30
29
30
27
29
35
32
19
32
35
34
30
34
35
27
28
26
31
30
31
32
31
31
34
34
34
33
33
32
33
31
29
34
31
31
31
28
30
30
28
31
35
33
34
28
29
33
31
33
27
28
28
28
30
29
29
29
31
29
33
26
19
27
30
32
28
29
28
27
29
17
34
29
29
31
32
29
32
28
33
33
33
30
30
30
34
28
29
28
29
28
30
31
31
35
31
31
30
30
27
32
34
34
32
19
23
31
34
35
28
32
27
26
20
25
32
28
29
33
36
30
30
29
33
30
33
32
26
31
31
33
33
28
34
32
33
28
33
31
32
16
28
31
32
33
33
33
29
33
33
34
33
27
30
28
21
28
30
30
29
25
35
32
33
33
32
31
33
33
34
32
35
33
31
29
33
28
29
32
28
30
28
31
33
28
32
32
35
32
30
32
30
32
28
27
30
30
29
29
31
32
32
32
31
20
20
30
31
32
34
33
32
29
28
25
27
24
21
25
31
32
35
33
31
32
32
32
31
32
32
28
26
27
30
25
31
29
29
30
30
30
28
29
30
34
34
32
34
32
32
33
34
33
35
30
34
33
31
33
22
25
27
35
31
30
34
27
33
32
26
27
33
27
26
21
22
25
25
25
26
25
28
27
27
32
33
32
34
33
33
33
32
30
34
33
31
28
26
28
26
29
26
31
28
29
29
26
27
27
28
26
30
29
29
31
32
30
35
34
31
21
28
28
26
28
33
31
30
28
20
31
34
30
29
25
30
25
26
30
28
29
31
32
32
31
27
33
32
32
29
33
30
29
30
28
29
31
26
28
26
31
30
31
30
32
32
28
30
28
30
34
28
31
30
31
26
18
31
22
23
28
31
31
