73, 124, 29, 23
73, 123, 28, 24
73, 123, 28, 24
74, 123, 28, 24
74, 125, 28, 23
75, 124, 28, 24
76, 123, 28, 24
77, 124, 28, 23
77, 123, 28, 23
78, 123, 28, 22
79, 123, 27, 22
79, 122, 27, 22
79, 122, 27, 22
82, 121, 27, 22
82, 121, 27, 22
83, 120, 27, 22
83, 119, 27, 22
84, 120, 27, 22
83, 120, 27, 22
84, 120, 27, 22
83, 123, 28, 21
84, 122, 27, 21
85, 122, 27, 21
86, 120, 27, 22
89, 120, 27, 22
89, 121, 27, 22
90, 121, 27, 22
90, 121, 27, 22
91, 120, 27, 22
91, 120, 27, 22
91, 120, 27, 22
91, 120, 27, 22
91, 121, 26, 22
90, 120, 27, 22
91, 120, 27, 23
91, 119, 27, 23
94, 120, 27, 22
93, 120, 27, 22
92, 121, 27, 23
93, 121, 27, 23
91, 122, 28, 23
93, 122, 27, 23
93, 125, 27, 23
92, 125, 28, 23
92, 124, 28, 23
94, 124, 28, 23
94, 125, 29, 23
93, 125, 29, 23
93, 126, 29, 23
93, 124, 29, 24
93, 125, 28, 23
93, 125, 29, 23
94, 125, 29, 23
94, 126, 29, 23
94, 125, 29, 24
94, 125, 29, 24
96, 124, 29, 24
96, 123, 29, 24
96, 124, 29, 24
97, 123, 29, 24
97, 124, 29, 23
97, 125, 29, 23
98, 124, 29, 23
98, 124, 29, 23
98, 124, 29, 23
98, 124, 29, 23
98, 124, 29, 23
98, 123, 29, 23
99, 123, 29, 23
99, 123, 29, 23
99, 124, 29, 23
99, 123, 29, 23
99, 123, 29, 23
99, 124, 29, 23
99, 123, 29, 23
99, 123, 29, 23
100, 122, 28, 24
99, 122, 28, 24
100, 122, 29, 24
99, 122, 29, 24
101, 122, 29, 24
100, 122, 29, 24
101, 122, 28, 24
101, 123, 28, 24
101, 123, 28, 24
101, 124, 29, 23
101, 124, 29, 23
100, 124, 29, 23
101, 123, 29, 24
101, 123, 29, 24
101, 123, 29, 24
102, 122, 29, 24
102, 123, 29, 24
100, 122, 30, 24
100, 122, 30, 24
101, 122, 29, 25
100, 122, 30, 24
100, 122, 30, 24
100, 123, 30, 24
101, 122, 30, 25
101, 123, 30, 25
101, 123, 30, 25
101, 123, 31, 25
101, 123, 31, 25
101, 122, 31, 25
100, 123, 30, 25
101, 122, 30, 25
101, 123, 30, 25
102, 124, 31, 25
102, 123, 31, 25
102, 123, 31, 25
101, 123, 31, 25
102, 123, 31, 25
102, 123, 31, 24
102, 123, 31, 25
102, 123, 31, 24
103, 122, 31, 24
102, 122, 31, 24
102, 121, 31, 24
102, 121, 31, 24
101, 121, 31, 24
101, 121, 31, 25
102, 121, 30, 25
102, 121, 30, 25
102, 121, 30, 24
102, 121, 30, 25
102, 121, 30, 25
102, 121, 30, 25
102, 121, 30, 25
102, 121, 30, 25
101, 121, 30, 24
101, 121, 30, 24
101, 122, 30, 24
102, 122, 30, 24
101, 123, 30, 24
103, 122, 29, 24
102, 122, 30, 24
104, 121, 29, 24
103, 121, 29, 24
104, 122, 29, 24
103, 122, 29, 24
104, 121, 29, 24
103, 121, 29, 24
102, 121, 29, 24
103, 121, 29, 24
102, 121, 29, 24
103, 121, 29, 24
103, 120, 29, 24
102, 121, 29, 24
103, 120, 29, 24
103, 121, 29, 24
102, 120, 29, 24
103, 121, 29, 24
102, 120, 29, 24
102, 121, 29, 24
102, 121, 29, 24
102, 121, 29, 24
103, 121, 29, 24
103, 120, 29, 24
104, 120, 29, 24
104, 121, 29, 24
104, 120, 29, 24
103, 120, 29, 24
103, 120, 29, 24
103, 120, 29, 24
104, 123, 29, 24
103, 122, 29, 25
103, 121, 29, 25
104, 121, 29, 25
103, 121, 29, 25
104, 120, 29, 24
104, 121, 29, 24
103, 120, 29, 24
104, 120, 29, 25
104, 120, 29, 25
104, 120, 29, 25
103, 119, 29, 25
104, 119, 29, 25
104, 119, 29, 25
104, 120, 29, 25
103, 119, 30, 25
102, 121, 30, 24
103, 121, 30, 24
102, 120, 30, 24
105, 120, 30, 25
104, 121, 30, 25
104, 120, 30, 25
104, 121, 30, 25
104, 120, 31, 25
104, 121, 30, 25
104, 120, 31, 25
104, 121, 31, 26
104, 121, 31, 25
105, 120, 30, 25
107, 120, 30, 25
106, 121, 30, 25
105, 120, 30, 25
105, 119, 30, 26
108, 122, 30, 25
107, 121, 31, 25
107, 119, 31, 26
106, 118, 31, 26
107, 118, 30, 26
107, 119, 31, 26
107, 118, 30, 27
107, 118, 30, 26
107, 118, 30, 26
107, 119, 30, 27
109, 118, 31, 26
108, 118, 31, 26
110, 119, 30, 26
110, 119, 30, 27
109, 119, 30, 27
109, 119, 30, 26
112, 120, 29, 27
111, 120, 29, 27
110, 121, 29, 27
112, 121, 29, 27
110, 121, 30, 26
110, 121, 30, 26
112, 122, 30, 26
112, 121, 30, 26
111, 122, 30, 25
111, 122, 30, 25
110, 121, 30, 25
112, 122, 33, 23
111, 124, 35, 21
111, 124, 35, 20
110, 125, 36, 19
110, 125, 36, 19
110, 125, 36, 19
112, 125, 36, 19
112, 125, 36, 18
114, 125, 35, 18
113, 125, 36, 18
113, 126, 36, 18
114, 126, 37, 18
115, 127, 37, 17
114, 127, 38, 17
114, 126, 38, 17
114, 127, 38, 17
114, 128, 39, 17
112, 128, 40, 17
112, 129, 40, 17
112, 129, 40, 17
113, 128, 40, 17
114, 129, 40, 17
115, 128, 40, 17
114, 128, 40, 17
114, 128, 40, 17
114, 128, 40, 17
113, 128, 40, 17
115, 128, 41, 17
115, 128, 41, 17
115, 127, 41, 17
116, 127, 41, 17
117, 127, 41, 17
117, 127, 42, 17
117, 126, 42, 18
118, 126, 42, 17
119, 125, 41, 18
121, 124, 41, 18
121, 124, 40, 18
123, 124, 40, 19
123, 124, 39, 19
123, 123, 40, 19
123, 124, 40, 18
123, 124, 40, 18
125, 124, 39, 19
124, 124, 39, 18
126, 124, 39, 18
124, 124, 40, 18
124, 124, 40, 18
124, 122, 40, 17
124, 122, 40, 17
127, 121, 40, 17
128, 121, 40, 17
136, 121, 39, 17
140, 121, 38, 17
141, 120, 37, 18
141, 120, 37, 18
141, 120, 37, 17
141, 119, 37, 17
141, 119, 36, 17
141, 120, 37, 16
137, 120, 36, 16
138, 120, 36, 16
139, 121, 36, 16
140, 121, 36, 16
139, 122, 36, 17
140, 122, 36, 17
138, 122, 37, 17
138, 122, 37, 16
134, 122, 38, 17
134, 122, 38, 17
133, 122, 39, 17
134, 121, 38, 17
133, 122, 38, 17
134, 122, 38, 17
129, 121, 34, 19
127, 121, 31, 21
128, 120, 29, 22
128, 119, 27, 22
128, 120, 26, 22
128, 121, 25, 22
127, 121, 24, 22
126, 121, 24, 22
125, 124, 24, 21
124, 127, 26, 19
127, 127, 26, 18
123, 130, 27, 17
123, 130, 27, 16
122, 131, 28, 15
121, 133, 28, 15
120, 133, 28, 15
119, 133, 28, 14
119, 133, 27, 14
118, 133, 28, 14
117, 133, 28, 14
116, 133, 27, 14
115, 133, 28, 13
114, 132, 28, 14
111, 131, 28, 14
110, 130, 28, 14
110, 129, 28, 14
108, 127, 25, 16
108, 127, 25, 16
107, 126, 24, 17
105, 124, 23, 19
104, 125, 22, 19
103, 123, 22, 20
102, 125, 22, 20
101, 124, 22, 20
100, 124, 22, 20
99, 125, 22, 20
97, 125, 22, 20
97, 124, 22, 20
96, 127, 21, 20
94, 129, 21, 20
92, 128, 22, 20
91, 129, 22, 19
89, 127, 21, 20
89, 127, 21, 20
87, 128, 21, 20
85, 130, 21, 20
85, 129, 21, 20
84, 131, 21, 20
82, 130, 21, 20
82, 130, 21, 20
81, 130, 21, 20
78, 129, 21, 20
78, 129, 21, 21
75, 131, 21, 22
74, 131, 21, 22
72, 133, 21, 23
72, 132, 21, 22
71, 132, 21, 23
67, 131, 22, 23
67, 134, 22, 23
66, 132, 22, 23
66, 129, 22, 23
65, 129, 22, 23
64, 125, 19, 26
63, 125, 18, 27
64, 122, 17, 28
61, 123, 16, 29
58, 122, 16, 30
43, 120, 16, 30
41, 120, 15, 32
39, 119, 16, 31
39, 119, 16, 32
36, 120, 16, 32
35, 120, 16, 33
33, 120, 15, 35
32, 117, 16, 34
29, 117, 15, 36
29, 116, 15, 37
25, 120, 16, 37
25, 119, 16, 36
25, 116, 17, 36
23, 118, 19, 34
25, 119, 21, 32
20, 123, 23, 30
15, 124, 25, 30
14, 125, 26, 29
13, 125, 27, 29
12, 123, 27, 29
12, 123, 27, 29
11, 123, 28, 29
6, 127, 28, 29
5, 126, 29, 29
5, 126, 29, 29
