19
30
31
33
31
30
27
26
23
23
26
27
29
28
27
29
27
29
27
27
26
31
31
29
29
24
27
28
19
19
21
23
24
28
26
28
29
27
31
25
25
24
27
25
22
17
27
26
28
27
26
29
26
28
26
30
25
25
28
31
28
25
28
29
25
28
26
25
27
27
28
32
31
33
35
32
36
35
34
32
30
34
35
35
34
27
31
36
35
31
32
32
32
29
31
30
28
31
29
32
31
29
32
30
34
34
35
36
34
36
32
28
30
29
30
28
27
30
28
29
18
17
25
26
28
29
26
23
21
22
19
25
28
28
25
30
32
31
35
30
34
38
33
36
37
35
36
35
33
36
36
36
36
34
28
32
31
30
31
36
33
34
34
30
30
31
34
31
33
36
36
35
34
36
33
37
36
35
32
27
29
34
29
28
32
29
35
34
32
32
31
28
27
27
25
28
34
36
32
28
36
35
34
35
24
22
18
27
26
34
29
31
30
28
29
30
30
26
27
29
25
22
21
26
30
36
37
34
36
35
33
35
34
34
27
29
28
30
29
27
23
35
34
30
33
28
34
34
35
36
35
36
37
31
36
36
36
31
30
29
29
27
27
34
28
31
29
26
26
25
32
33
34
33
34
35
32
35
34
26
25
24
35
32
34
33
29
30
32
34
27
27
32
32
35
34
35
29
29
30
21
18
27
27
29
32
32
29
28
27
31
33
32
33
28
24
23
29
27
29
28
35
33
34
32
34
31
30
34
32
30
32
30
32
31
30
27
28
31
33
36
34
31
34
33
33
36
36
37
37
36
37
37
36
33
33
31
33
27
34
33
23
28
29
30
31
32
32
34
34
36
35
31
38
35
33
21
16
34
35
35
35
36
36
35
31
31
29
27
26
24
28
