21
36
34
34
34
36
34
30
30
33
27
25
25
24
24
28
28
26
25
26
26
26
28
27
26
24
24
24
16
15
23
17
34
33
34
32
29
27
36
37
36
36
34
34
35
30
31
30
31
32
29
31
33
31
30
32
33
31
33
31
36
34
33
34
36
35
34
30
32
31
34
34
30
31
31
32
33
34
34
35
36
35
34
37
35
36
37
35
28
31
32
35
32
31
32
31
32
28
28
33
32
30
34
34
35
34
19
18
27
30
29
34
35
33
31
31
33
33
32
31
29
30
29
24
21
23
26
32
31
32
32
35
32
33
29
32
32
32
34
34
35
34
31
33
31
27
31
33
34
30
33
29
31
34
35
37
32
31
33
35
30
36
34
33
36
35
35
35
30
27
33
29
31
34
34
36
33
35
35
34
34
33
31
36
30
19
16
33
29
33
32
33
31
33
28
31
28
30
20
22
30
34
34
32
30
29
28
31
32
33
33
35
31
35
33
32
32
34
29
30
34
36
35
32
34
34
34
30
29
33
31
35
32
33
35
35
36
32
33
34
35
33
29
35
33
31
34
31
31
29
35
34
34
31
35
28
31
33
33
34
32
33
33
33
32
19
17
27
28
35
33
35
36
33
34
32
29
27
27
18
16
27
31
33
32
32
34
31
33
28
36
34
35
34
33
33
33
33
35
34
35
34
33
30
34
27
34
30
35
36
35
31
35
34
31
30
31
36
34
35
33
32
33
28
32
33
34
35
30
33
33
30
28
28
28
28
30
30
21
15
26
33
35
33
30
29
26
20
19
33
35
33
31
30
33
35
30
29
33
29
29
30
27
30
32
35
36
33
31
36
36
31
34
34
35
34
36
31
32
32
30
33
36
35
34
36
34
34
33
34
34
32
35
35
31
34
34
32
36
36
32
33
33
35
19
18
32
32
34
33
33
34
33
27
31
27
28
27
25
20
21
34
35
35
35
35
34
34
33
34
35
31
32
34
36
33
31
28
29
32
31
32
32
33
32
31
33
33
31
35
34
34
33
35
33
35
33
30
28
29
22
26
32
35
35
36
33
34
36
32
35
35
35
28
33
30
33
34
34
33
34
32
29
18
20
29
29
29
32
28
34
35
33
34
30
29
31
20
20
28
35
34
33
35
33
34
31
28
31
29
34
34
35
32
34
35
35
34
30
32
31
36
34
33
33
28
30
27
28
31
33
36
34
33
33
35
32
34
34
34
33
33
31
30
33
35
34
33
33
32
33
28
31
32
34
38
33
29
23
17
30
31
34
35
35
33
34
33
29
28
28
21
15
28
33
31
33
31
33
30
32
32
31
35
35
32
34
34
34
34
35
34
32
33
33
35
31
35
32
32
31
29
32
30
30
34
33
35
32
33
34
35
36
32
32
33
33
35
32
36
33
34
36
32
31
35
33
31
35
36
32
34
32
37
36
33
31
29
29
20
15
29
29
35
32
35
35
33
29
31
28
30
30
19
18
28
29
32
32
31
31
34
32
35
37
32
33
36
35
30
30
33
32
35
34
31
33
35
36
34
36
35
38
34
34
33
36
36
35
33
29
32
31
31
29
35
36
31
34
35
35
32
33
32
32
34
35
34
36
33
35
34
29
31
31
29
33
30
19
17
30
33
36
33
35
33
36
35
35
29
31
28
18
20
33
33
31
30
34
29
30
32
36
33
33
29
30
31
30
32
31
32
32
35
29
25
26
27
28
27
32
31
27
30
32
30
28
30
20
18
28
31
32
31
34
30
33
31
35
33
31
32
34
32
29
31
29
33
28
30
31
31
31
29
33
30
32
32
32
32
32
32
30
31
33
32
29
31
31
28
28
31
33
33
29
33
33
32
17
17
27
33
32
31
31
34
31
31
35
27
28
28
18
17
30
28
31
28
28
29
32
29
29
32
30
35
33
32
32
36
35
33
33
32
34
31
34
33
32
33
29
29
31
31
29
32
32
34
32
33
34
31
32
33
33
32
34
30
31
32
34
33
28
31
30
34
33
32
33
31
34
