267, 73, 34, 64
267, 73, 34, 64
261, 71, 34, 64
261, 70, 34, 64
262, 69, 35, 66
260, 69, 36, 66
259, 67, 36, 66
260, 66, 35, 67
260, 64, 35, 66
258, 62, 35, 66
256, 59, 36, 68
253, 59, 36, 69
252, 60, 37, 70
252, 62, 37, 68
250, 65, 36, 68
247, 68, 37, 67
239, 69, 36, 67
240, 68, 35, 67
238, 70, 35, 67
237, 68, 35, 68
236, 69, 35, 69
236, 73, 34, 69
235, 75, 34, 69
234, 72, 35, 70
231, 69, 37, 70
232, 68, 39, 71
236, 68, 41, 68
240, 70, 39, 68
240, 73, 38, 69
243, 71, 36, 69
242, 67, 35, 69
237, 66, 34, 69
235, 64, 35, 69
230, 62, 35, 70
227, 62, 35, 70
221, 65, 34, 69
223, 65, 34, 69
220, 64, 34, 70
218, 64, 36, 71
218, 65, 38, 73
220, 67, 39, 73
224, 70, 38, 72
223, 74, 38, 73
223, 74, 38, 74
223, 76, 38, 73
222, 78, 38, 73
225, 78, 37, 73
228, 77, 36, 75
231, 79, 35, 77
235, 78, 34, 78
234, 80, 35, 78
232, 79, 36, 77
230, 74, 37, 78
228, 76, 38, 79
224, 76, 39, 78
221, 79, 39, 78
215, 80, 39, 79
212, 77, 39, 80
211, 76, 39, 81
213, 73, 39, 80
214, 71, 37, 82
216, 71, 36, 83
218, 71, 35, 84
220, 71, 36, 83
219, 69, 37, 84
218, 67, 40, 82
222, 68, 42, 81
225, 70, 42, 80
225, 73, 41, 81
220, 76, 40, 84
220, 76, 41, 85
220, 74, 42, 87
222, 73, 42, 88
226, 75, 40, 89
230, 76, 38, 90
234, 79, 37, 93
239, 79, 37, 92
239, 77, 40, 91
239, 74, 41, 92
241, 75, 42, 93
246, 78, 42, 92
248, 82, 43, 89
248, 84, 43, 90
247, 82, 42, 90
246, 84, 44, 86
245, 86, 45, 84
244, 86, 45, 84
235, 84, 44, 85
233, 81, 44, 85
232, 74, 44, 85
228, 70, 46, 88
227, 67, 48, 88
228, 62, 48, 90
232, 64, 48, 91
237, 69, 47, 93
242, 71, 46, 94
241, 72, 47, 93
240, 75, 48, 89
242, 79, 47, 89
246, 83, 46, 87
250, 83, 44, 89
256, 83, 43, 91
256, 78, 44, 91
254, 71, 45, 91
250, 64, 46, 91
245, 61, 45, 91
230, 59, 45, 93
224, 59, 46, 93
218, 56, 46, 91
208, 60, 47, 92
202, 59, 51, 87
202, 58, 51, 87
207, 57, 50, 87
213, 56, 47, 91
218, 59, 45, 92
222, 62, 45, 93
224, 65, 45, 94
226, 64, 46, 93
228, 61, 49, 90
234, 65, 48, 90
242, 67, 50, 88
251, 69, 48, 89
255, 70, 48, 90
257, 72, 48, 89
260, 73, 49, 85
264, 73, 50, 82
276, 72, 46, 82
283, 73, 45, 79
288, 74, 45, 77
294, 75, 46, 76
294, 74, 45, 77
299, 74, 44, 79
305, 75, 44, 79
307, 76, 43, 80
309, 78, 42, 79
307, 77, 42, 79
308, 79, 40, 76
307, 79, 39, 77
301, 79, 38, 77
297, 78, 36, 77
292, 75, 36, 78
289, 73, 35, 78
288, 73, 35, 79
284, 70, 34, 77
280, 67, 34, 78
279, 65, 35, 78
276, 65, 36, 78
276, 68, 34, 77
275, 68, 33, 79
272, 69, 34, 77
271, 71, 35, 75
271, 72, 37, 71
278, 73, 36, 69
280, 71, 35, 71
282, 74, 34, 72
288, 73, 32, 74
289, 71, 33, 75
287, 69, 34, 74
287, 70, 37, 70
291, 73, 37, 67
295, 74, 35, 67
300, 76, 33, 68
298, 79, 32, 67
297, 79, 32, 65
297, 78, 33, 65
299, 78, 32, 63
299, 79, 32, 63
297, 80, 33, 63
296, 80, 32, 63
295, 81, 34, 62
296, 79, 35, 62
293, 79, 40, 58
293, 79, 42, 56
297, 79, 38, 57
297, 79, 39, 56
288, 75, 41, 54
290, 76, 41, 52
292, 76, 41, 51
291, 79, 40, 49
295, 75, 35, 52
296, 74, 35, 51
292, 70, 33, 52
295, 67, 32, 52
298, 63, 31, 51
300, 63, 28, 53
301, 64, 26, 52
302, 64, 24, 52
298, 66, 24, 50
299, 63, 25, 48
299, 64, 26, 47
300, 66, 25, 47
300, 65, 25, 47
301, 68, 24, 49
301, 66, 24, 50
300, 67, 27, 47
302, 65, 26, 48
303, 65, 26, 48
306, 68, 25, 50
308, 66, 23, 53
310, 67, 23, 52
310, 69, 24, 50
311, 71, 25, 48
310, 73, 25, 47
304, 72, 24, 47
300, 73, 24, 47
296, 75, 25, 48
291, 74, 25, 48
282, 74, 26, 47
278, 74, 26, 46
278, 76, 26, 48
271, 74, 25, 48
271, 79, 25, 49
268, 74, 25, 49
273, 78, 26, 47
272, 79, 29, 45
270, 80, 27, 47
275, 81, 26, 47
275, 84, 26, 49
275, 82, 27, 49
279, 82, 30, 47
284, 86, 30, 48
283, 84, 30, 49
288, 83, 30, 49
289, 81, 31, 49
288, 82, 34, 48
289, 85, 36, 46
285, 85, 36, 47
283, 84, 37, 46
282, 82, 37, 47
282, 83, 37, 46
281, 84, 38, 47
278, 83, 38, 49
275, 81, 37, 50
273, 83, 36, 51
274, 81, 36, 51
274, 81, 36, 50
277, 82, 35, 50
275, 83, 36, 49
275, 81, 35, 48
275, 84, 36, 46
280, 83, 35, 46
279, 83, 34, 47
281, 85, 34, 47
282, 86, 34, 47
282, 85, 34, 47
282, 86, 34, 46
279, 82, 32, 48
276, 84, 32, 46
274, 84, 32, 46
273, 87, 33, 46
269, 85, 34, 46
268, 83, 34, 46
266, 79, 34, 46
262, 83, 35, 45
261, 84, 34, 45
258, 83, 34, 45
256, 83, 34, 45
253, 83, 35, 46
250, 83, 36, 46
244, 80, 36, 46
237, 78, 36, 46
235, 79, 35, 47
233, 79, 35, 47
229, 80, 35, 47
227, 79, 36, 46
224, 77, 36, 46
219, 76, 37, 46
216, 80, 38, 46
215, 84, 38, 46
216, 83, 38, 46
220, 83, 37, 47
219, 83, 37, 47
222, 88, 36, 47
220, 88, 37, 46
220, 87, 35, 47
217, 88, 36, 46
216, 90, 36, 45
221, 91, 37, 45
224, 89, 36, 44
221, 91, 36, 43
222, 95, 35, 42
222, 95, 35, 43
221, 96, 34, 43
220, 94, 34, 44
222, 100, 35, 43
222, 94, 35, 43
225, 98, 34, 43
220, 94, 35, 43
218, 95, 36, 42
227, 95, 37, 43
221, 94, 38, 44
211, 89, 38, 44
