21
21
26
24
25
28
25
26
27
25
26
23
27
27
17
16
25
29
24
24
24
27
29
29
31
32
32
32
32
30
33
34
35
30
29
32
31
34
36
35
35
35
36
35
33
29
29
28
27
27
30
31
26
30
32
34
32
31
32
33
31
33
35
34
33
34
31
34
35
32
34
36
34
29
31
29
28
28
28
28
27
33
33
33
28
33
34
32
23
20
26
27
30
29
32
35
33
35
33
29
32
26
28
29
27
15
22
28
27
30
29
29
31
34
32
33
29
29
30
28
31
27
33
28
29
28
34
35
35
32
33
35
28
31
33
32
34
29
29
29
30
32
35
34
33
35
35
37
37
35
35
20
18
31
33
27
27
28
30
31
27
26
24
19
33
30
32
35
34
30
26
27
32
30
28
35
29
32
26
33
30
35
34
32
30
31
31
27
30
30
34
23
35
33
35
33
29
30
27
32
29
33
30
30
31
20
25
33
35
36
32
33
35
32
30
31
21
20
29
34
33
31
29
29
29
27
28
30
31
35
32
34
34
35
33
34
29
32
34
36
35
33
34
28
29
29
29
31
34
36
34
32
35
36
29
29
33
30
31
34
32
31
35
33
30
33
29
30
32
33
31
24
37
33
32
30
30
31
33
32
28
29
27
30
23
20
28
30
34
31
36
35
