21
29
33
34
33
33
34
33
35
29
27
28
23
18
25
29
28
35
34
34
34
32
26
27
31
34
34
32
32
33
36
37
35
37
37
35
36
37
34
29
37
36
35
28
29
29
31
31
33
33
32
35
34
35
34
34
33
34
34
32
30
33
36
33
36
35
33
36
31
29
37
36
32
20
18
28
27
29
34
34
37
33
32
37
35
35
30
31
30
30
21
17
32
33
34
36
33
31
30
28
33
32
32
32
34
32
36
36
38
36
36
36
34
38
35
36
37
35
36
35
34
37
33
33
33
37
37
31
29
31
33
30
32
34
33
34
36
35
34
31
35
36
34
33
34
33
34
35
37
32
35
35
34
35
34
33
29
27
30
30
35
34
35
36
36
33
35
22
19
31
29
31
34
35
34
35
34
35
32
29
28
26
26
27
19
26
29
35
34
32
36
36
35
34
32
33
33
35
34
36
35
36
35
31
32
30
32
33
30
28
37
33
36
38
34
34
36
34
34
34
33
35
32
36
38
34
35
34
34
35
33
31
35
29
31
32
32
29
34
35
34
34
36
34
35
36
38
35
33
31
31
34
32
31
30
31
30
32
28
19
19
28
30
34
30
30
36
32
34
33
30
28
26
29
18
28
29
28
31
31
31
28
31
34
31
35
31
29
31
32
29
32
35
37
34
36
36
34
28
32
34
34
32
34
35
28
29
33
35
33
29
34
35
35
34
29
28
34
34
35
35
33
34
35
36
35
34
35
32
31
33
34
33
34
32
28
30
36
34
35
36
36
37
29
26
30
20
18
29
28
35
33
29
32
34
35
36
34
35
28
28
30
21
19
28
29
30
36
35
33
27
30
37
35
28
