20
36
35
34
35
35
33
32
28
28
22
16
23
25
28
29
25
25
27
27
28
29
25
27
28
28
27
28
26
30
25
24
27
24
25
24
30
35
35
36
30
32
31
33
33
34
35
36
33
31
35
31
32
29
34
33
34
29
34
33
30
32
34
32
35
36
33
33
32
33
33
32
35
28
32
34
31
34
33
34
34
36
36
34
32
19
16
27
29
35
37
34
34
37
32
32
31
30
24
26
20
18
27
30
29
34
33
35
37
36
36
32
33
32
31
34
33
33
33
35
34
35
31
33
33
31
25
29
33
33
32
34
29
31
33
31
32
29
29
28
29
34
36
33
32
30
34
34
35
35
37
35
30
29
30
35
31
31
32
30
32
31
29
33
34
31
33
31
33
35
33
33
32
32
29
22
16
28
34
29
27
31
33
34
35
32
31
28
29
28
21
16
29
33
35
32
28
29
30
30
29
33
35
33
28
35
34
34
34
36
37
33
37
34
35
33
36
33
33
31
32
35
35
35
35
29
32
31
32
32
30
34
29
28
31
31
28
34
35
36
27
33
33
31
32
35
34
30
30
30
32
27
26
30
30
24
21
20
29
29
30
35
32
30
34
33
33
28
27
26
15
26
27
28
31
26
34
32
34
32
32
37
34
32
31
33
35
34
32
37
29
31
32
34
32
30
31
30
32
31
31
31
27
28
28
33
24
29
26
31
25
26
29
29
29
35
37
32
35
37
35
31
32
30
32
29
29
29
29
29
31
33
32
31
18
15
25
29
30
34
33
34
31
30
31
26
26
25
27
13
24
26
28
28
34
31
34
36
35
33
29
