234, 89, 79, 81
244, 89, 81, 79
250, 91, 83, 77
257, 92, 85, 76
266, 92, 85, 78
274, 91, 85, 80
281, 93, 85, 81
289, 96, 85, 81
294, 97, 84, 82
302, 101, 83, 83
306, 106, 81, 83
308, 108, 80, 81
304, 106, 80, 80
296, 104, 79, 79
286, 97, 77, 82
275, 91, 77, 84
261, 86, 78, 85
251, 81, 77, 87
236, 78, 78, 87
229, 79, 80, 87
217, 79, 81, 88
211, 78, 82, 89
207, 77, 81, 90
211, 77, 81, 90
217, 81, 82, 89
231, 83, 82, 89
243, 85, 84, 88
256, 89, 85, 88
270, 95, 83, 89
277, 98, 82, 90
287, 101, 81, 89
294, 104, 81, 89
299, 102, 80, 91
296, 101, 79, 89
292, 101, 80, 87
290, 101, 79, 86
287, 101, 80, 85
284, 99, 83, 84
274, 97, 85, 84
252, 99, 88, 85
230, 90, 87, 86
224, 88, 87, 86
229, 78, 89, 87
244, 74, 91, 88
265, 76, 94, 89
293, 75, 93, 92
314, 69, 93, 91
332, 70, 93, 90
341, 73, 91, 90
341, 75, 87, 90
337, 88, 87, 88
326, 95, 85, 87
306, 98, 85, 85
282, 103, 85, 84
255, 104, 83, 85
232, 103, 82, 88
218, 103, 82, 86
194, 109, 85, 83
189, 111, 88, 81
183, 100, 90, 80
179, 99, 93, 80
177, 94, 94, 82
185, 69, 93, 82
202, 62, 91, 82
221, 54, 92, 82
247, 48, 93, 82
265, 49, 97, 83
293, 50, 96, 86
297, 49, 95, 88
296, 54, 94, 88
296, 55, 91, 89
302, 57, 92, 90
317, 69, 94, 91
332, 70, 95, 91
344, 67, 96, 90
363, 65, 97, 93
377, 63, 97, 97
379, 58, 98, 100
365, 55, 101, 100
351, 55, 103, 99
328, 45, 105, 98
303, 50, 106, 98
278, 41, 106, 99
257, 46, 105, 98
239, 53, 105, 97
229, 65, 104, 96
229, 56, 106, 95
207, 70, 105, 95
195, 69, 104, 96
165, 67, 103, 96
163, 49, 109, 87
141, 39, 114, 81
131, 41, 117, 76
105, 58, 117, 75
103, 63, 110, 79
107, 65, 106, 83
102, 68, 102, 85
105, 76, 100, 87
138, 78, 99, 86
146, 79, 97, 85
161, 79, 99, 85
169, 84, 98, 85
183, 86, 99, 85
184, 95, 100, 86
184, 95, 104, 86
182, 97, 105, 86
179, 97, 104, 87
181, 93, 101, 91
186, 89, 98, 93
192, 89, 96, 96
208, 93, 95, 96
222, 98, 96, 94
241, 100, 98, 93
264, 100, 99, 94
284, 98, 99, 95
299, 96, 101, 95
312, 97, 104, 94
321, 95, 105, 94
332, 94, 104, 93
333, 92, 104, 92
335, 94, 103, 90
339, 95, 99, 90
338, 97, 96, 89
341, 99, 94, 88
346, 96, 91, 89
352, 91, 90, 92
355, 79, 88, 92
348, 77, 88, 92
340, 66, 89, 90
327, 68, 92, 88
313, 69, 94, 88
281, 67, 96, 85
252, 72, 97, 84
234, 75, 97, 84
223, 74, 96, 87
221, 74, 96, 89
206, 84, 97, 93
188, 83, 100, 93
174, 74, 106, 86
159, 77, 111, 80
142, 79, 113, 76
125, 75, 107, 80
112, 79, 101, 81
100, 83, 97, 83
97, 83, 95, 84
103, 86, 96, 83
111, 85, 96, 84
128, 84, 97, 85
143, 74, 99, 84
160, 77, 99, 85
183, 80, 100, 85
205, 78, 99, 85
226, 74, 100, 85
251, 72, 100, 87
274, 62, 99, 89
295, 51, 98, 89
311, 43, 97, 89
324, 45, 94, 90
326, 48, 94, 91
323, 48, 94, 90
312, 49, 95, 91
299, 49, 96, 94
286, 54, 96, 96
273, 58, 96, 98
259, 61, 98, 100
250, 72, 100, 98
226, 82, 101, 98
213, 80, 102, 99
211, 76, 103, 101
197, 76, 104, 101
175, 66, 112, 92
160, 66, 115, 86
150, 68, 111, 84
147, 70, 106, 83
145, 70, 101, 83
155, 73, 100, 82
171, 75, 100, 80
192, 76, 100, 81
214, 72, 102, 81
236, 67, 100, 82
250, 64, 97, 85
242, 61, 96, 86
229, 62, 97, 86
222, 61, 97, 88
219, 55, 97, 90
223, 48, 96, 92
243, 43, 93, 94
254, 41, 90, 97
261, 45, 88, 102
263, 59, 86, 104
261, 74, 85, 103
254, 84, 84, 100
256, 88, 85, 96
261, 90, 88, 94
273, 86, 90, 94
276, 82, 92, 94
272, 74, 88, 97
267, 66, 86, 97
263, 59, 87, 98
263, 56, 87, 97
248, 48, 92, 94
236, 51, 95, 92
227, 58, 95, 91
226, 62, 94, 92
224, 65, 92, 94
233, 63, 89, 94
236, 60, 88, 93
233, 55, 86, 93
226, 57, 86, 89
219, 58, 86, 86
211, 67, 86, 84
207, 75, 88, 86
209, 88, 89, 87
222, 100, 91, 88
234, 102, 93, 90
248, 96, 95, 92
271, 81, 93, 94
292, 55, 94, 95
309, 52, 96, 95
322, 49, 97, 95
326, 48, 97, 95
313, 54, 97, 96
299, 72, 95, 97
284, 82, 95, 99
264, 79, 96, 99
248, 77, 95, 101
247, 68, 93, 103
248, 66, 91, 102
258, 72, 90, 100
262, 70, 88, 101
260, 71, 88, 102
244, 81, 90, 103
226, 80, 93, 103
208, 75, 95, 104
192, 78, 98, 102
190, 82, 99, 99
193, 80, 99, 100
203, 81, 100, 100
225, 79, 100, 100
248, 74, 100, 100
272, 74, 99, 100
284, 77, 98, 101
291, 82, 96, 101
291, 85, 94, 100
275, 88, 92, 98
257, 98, 90, 98
239, 96, 86, 99
226, 98, 85, 99
213, 99, 85, 96
209, 97, 84, 95
209, 93, 81, 95
215, 91, 83, 95
233, 89, 85, 94
256, 76, 89, 91
276, 64, 92, 90
286, 57, 93, 89
286, 53, 91, 91
280, 57, 89, 89
279, 62, 88, 88
289, 65, 89, 87
298, 67, 90, 86
310, 65, 91, 87
316, 52, 90, 88
317, 42, 90, 88
320, 39, 87, 89
317, 41, 86, 87
319, 50, 88, 84
319, 58, 89, 82
315, 64, 90, 80
307, 69, 90, 79
305, 68, 87, 80
308, 63, 85, 83
312, 52, 85, 84
318, 40, 86, 85
323, 27, 88, 87
323, 20, 89, 89
319, 7, 90, 91
313, 1, 92, 89
301, 5, 92, 90
292, 9, 91, 92
287, 16, 90, 92
285, 42, 87, 94
282, 43, 85, 97
283, 58, 83, 99
278, 62, 81, 99
269, 74, 79, 99
260, 73, 79, 98
249, 76, 80, 98
235, 80, 83, 97
220, 79, 86, 96
208, 76, 88, 97
209, 70, 91, 99
211, 62, 91, 96
213, 59, 92, 96
226, 58, 95, 95
230, 59, 95, 95
221, 66, 96, 95
213, 63, 96, 94
237, 39, 97, 94
236, 39, 97, 95
234, 49, 97, 97
227, 40, 95, 100
229, 34, 95, 100
227, 31, 94, 99
217, 35, 96, 95
187, 46, 99, 92
168, 47, 103, 86
157, 65, 107, 81
164, 81, 105, 82
181, 91, 104, 84
199, 104, 103, 85
219, 105, 106, 88
257, 104, 107, 91
279, 95, 99, 94
271, 94, 94, 96
255, 91, 90, 97
240, 102, 88, 97
227, 104, 88, 98
225, 125, 90, 93
224, 116, 91, 92
244, 105, 94, 93
276, 79, 92, 96
294, 53, 91, 97
300, 35, 91, 97
285, 32, 94, 95
270, 33, 99, 94
251, 36, 98, 94
241, 35, 97, 93
243, 32, 95, 94
248, 32, 90, 99
243, 47, 88, 102
235, 63, 86, 101
232, 78, 84, 99
231, 82, 84, 96
237, 85, 86, 93
241, 92, 91, 89
257, 95, 90, 90
246, 86, 92, 89
221, 75, 91, 89
201, 76, 91, 90
183, 83, 95, 91
168, 103, 105, 81
162, 115, 105, 81
179, 127, 103, 83
188, 127, 103, 84
188, 127, 102, 85
184, 117, 100, 85
181, 119, 100, 84
179, 109, 101, 83
165, 96, 102, 84
149, 91, 102, 85
143, 74, 100, 86
122, 63, 99, 87
