20
34
35
35
32
36
34
32
32
26
27
26
26
28
26
28
27
24
24
27
26
26
26
28
30
32
28
28
26
24
26
26
27
25
30
30
32
32
31
33
32
29
30
21
19
29
29
31
35
36
33
32
34
33
32
29
28
29
21
22
28
30
32
34
32
35
28
30
34
34
33
36
34
34
34
34
35
30
33
31
33
33
33
34
33
34
34
34
37
33
34
35
33
31
33
32
37
32
33
30
30
32
32
33
33
34
37
35
31
35
34
36
34
33
36
36
30
32
32
28
32
30
29
32
35
34
34
35
25
24
22
30
32
32
35
34
34
34
33
27
28
28
20
23
31
34
34
35
35
32
29
36
36
32
34
32
29
31
28
35
36
35
33
33
32
34
34
33
30
38
35
33
33
37
35
32
33
32
32
32
34
34
36
37
34
36
33
34
32
35
35
37
36
34
29
29
32
34
33
32
36
36
33
33
34
31
33
34
33
35
20
19
27
28
31
30
30
30
33
30
32
30
29
31
22
19
32
36
33
35
33
27
31
32
31
30
36
33
35
35
31
30
31
35
36
32
34
31
35
33
34
32
32
32
37
33
30
35
31
34
33
34
36
33
33
31
31
28
34
37
35
33
30
30
28
30
30
35
34
33
33
36
32
34
36
31
36
35
34
34
33
32
32
27
18
24
32
34
34
33
34
27
32
31
22
21
31
29
32
33
32
32
33
30
30
34
34
28
31
29
28
30
29
33
30
32
27
27
29
32
30
32
31
30
29
34
36
34
30
28
34
34
33
36
35
33
33
33
33
31
29
32
31
