19
28
33
30
34
32
33
32
27
26
23
25
25
27
28
27
21
23
23
24
25
23
24
24
26
32
32
35
30
28
29
26
25
20
20
27
28
31
31
32
33
33
28
34
32
31
23
26
27
33
34
35
34
32
26
25
27
27
29
32
34
34
31
33
29
25
27
30
32
29
26
28
28
29
28
28
31
31
32
34
32
31
32
33
23
21
26
29
31
30
27
26
30
32
32
33
34
32
32
28
32
30
29
28
25
16
20
24
27
30
28
32
32
28
33
33
29
29
32
34
34
32
29
28
28
29
27
26
33
34
32
20
27
24
22
27
23
20
26
23
23
24
26
26
28
29
34
33
32
32
33
32
31
33
34
23
34
28
26
31
27
31
30
30
34
31
30
32
34
34
32
28
34
33
24
25
28
26
29
28
18
21
34
31
30
34
33
32
31
30
28
26
30
16
24
27
29
29
27
28
27
32
31
34
34
32
31
29
29
30
32
33
31
31
28
30
27
29
33
30
33
29
29
26
31
34
30
31
31
29
29
31
29
31
34
20
22
28
31
31
34
29
33
32
28
28
26
21
25
27
28
30
28
26
25
32
32
27
27
34
32
31
33
33
29
28
23
24
26
25
28
27
26
25
27
32
35
30
33
33
30
19
20
31
30
27
28
25
27
26
32
31
32
32
31
28
30
31
33
33
30
30
31
28
29
29
28
31
32
28
31
34
33
29
32
34
31
34
34
31
34
30
27
25
28
29
33
32
31
31
32
22
18
33
33
35
31
35
34
31
32
27
27
19
22
33
33
34
31
33
26
32
27
31
32
31
32
24
22
24
28
30
30
31
31
33
33
33
32
33
28
33
34
31
30
30
25
23
23
31
26
35
32
33
33
29
33
30
27
31
31
34
22
26
28
30
31
28
28
32
29
32
32
33
33
30
32
33
33
33
32
32
26
29
28
27
29
32
33
34
34
29
27
27
25
27
28
29
35
33
28
30
27
33
29
34
29
28
21
28
30
31
34
29
30
31
32
31
32
34
35
27
28
29
31
30
30
28
31
27
31
34
27
28
31
32
31
28
28
29
30
30
31
33
33
32
29
29
27
31
30
27
23
29
31
19
23
34
31
31
34
35
