21
34
28
36
33
33
34
20
19
30
29
32
36
37
33
34
35
34
33
33
32
30
27
27
21
18
28
29
34
36
30
33
36
32
35
37
34
30
33
32
35
35
36
35
36
36
36
37
34
34
29
33
31
32
30
32
32
37
33
33
29
35
31
26
26
26
28
26
26
29
27
25
27
26
25
25
27
28
25
28
27
26
25
27
28
27
26
25
26
25
34
34
33
35
37
34
23
17
26
31
34
32
34
33
32
34
36
33
34
30
28
26
29
21
19
30
36
32
33
35
35
35
31
29
33
32
31
29
32
32
35
34
35
35
36
35
37
35
31
37
37
36
36
35
29
32
31
35
30
31
32
32
28
30
31
30
34
35
34
34
33
32
31
27
25
28
31
30
34
34
35
35
34
33
