19
27
32
31
31
37
32
35
35
32
32
24
26
23
25
25
26
25
29
27
28
24
23
25
23
25
24
26
21
21
31
32
33
32
29
31
34
30
30
30
29
28
21
18
28
26
31
33
29
33
33
31
27
33
30
29
30
31
29
31
30
31
34
32
33
33
32
35
32
33
33
30
28
30
29
29
32
29
28
32
33
31
29
29
28
30
34
32
32
32
34
34
30
35
34
35
32
32
30
29
28
29
34
30
27
29
30
31
30
31
31
22
22
27
31
33
33
35
31
34
29
29
27
24
27
21
18
26
27
33
30
32
31
34
32
33
32
31
35
35
32
34
34
34
29
28
29
27
31
28
31
29
31
29
26
31
30
32
33
33
35
36
31
33
33
33
32
34
34
34
30
30
27
29
28
26
28
33
31
31
27
33
34
32
35
34
31
32
35
32
34
34
34
34
33
29
20
20
27
25
25
28
29
31
26
28
34
27
30
29
22
17
31
33
34
36
33
34
29
30
33
30
27
27
27
27
32
33
32
32
30
34
34
34
34
34
33
35
32
32
33
34
35
28
33
27
29
30
27
29
30
30
33
31
33
29
33
32
35
35
33
33
36
35
32
35
30
34
35
34
31
28
29
29
32
28
27
28
29
18
19
29
32
34
36
33
33
34
34
30
32
28
29
27
20
18
27
26
25
28
28
31
35
33
31
30
32
32
34
32
36
34
32
28
34
31
33
32
30
30
29
29
28
28
31
28
26
35
33
35
36
29
35
33
34
34
34
32
29
34
33
32
30
33
32
31
28
31
33
30
29
28
27
33
33
33
31
28
32
29
32
34
27
25
25
21
29
28
30
32
28
27
33
29
26
26
25
21
19
29
25
33
30
30
33
31
32
34
33
30
33
29
31
30
29
29
28
30
27
33
26
35
34
31
34
34
28
21
30
35
34
30
33
29
32
33
30
33
29
31
33
28
32
27
28
28
34
34
34
32
34
33
25
35
35
34
32
31
32
27
28
28
25
19
26
31
29
34
32
33
32
29
28
24
18
19
25
22
26
27
24
24
25
25
31
31
32
32
33
29
32
34
28
33
28
32
28
30
30
34
33
31
33
35
33
33
31
27
29
33
30
26
30
29
33
34
33
29
29
29
27
32
32
29
33
32
31
33
35
33
34
29
28
31
27
31
33
32
34
27
17
24
28
30
30
26
34
28
34
34
33
29
29
25
19
21
26
28
29
30
35
34
29
31
29
31
28
32
34
33
32
32
32
30
32
29
27
28
33
31
32
29
30
26
33
30
32
31
31
33
33
32
29
34
25
25
28
33
33
28
19
31
28
35
