20
34
35
34
33
38
30
35
34
27
27
26
29
31
25
25
24
24
23
26
24
24
25
26
26
26
26
26
28
32
33
19
17
31
33
32
30
29
30
17
25
29
35
37
33
32
35
35
35
33
32
36
32
34
36
33
34
30
31
28
27
27
31
29
29
31
32
32
34
31
34
31
35
32
35
32
35
34
32
29
23
23
22
24
28
24
32
33
34
35
35
32
28
31
32
19
19
26
30
30
28
31
28
30
30
29
23
33
32
34
27
34
34
33
35
36
35
36
31
34
31
30
35
30
29
35
34
33
35
33
33
32
32
33
33
34
36
33
35
32
29
34
34
34
28
27
21
20
27
31
32
29
34
35
31
27
28
31
34
25
29
28
36
36
31
32
33
32
30
32
36
34
36
32
36
35
32
35
28
28
32
28
30
29
25
27
26
27
27
29
31
31
33
34
32
36
35
32
32
28
29
29
30
33
33
33
22
17
27
28
31
36
34
34
30
36
36
31
18
25
27
29
30
30
31
33
30
31
30
30
33
35
34
35
34
35
35
34
36
31
29
28
33
30
32
30
30
33
36
36
35
33
35
34
34
36
34
34
32
35
34
26
25
29
27
32
29
29
33
32
31
36
36
20
18
32
33
36
33
35
26
33
27
28
25
27
28
20
19
28
