147, 150, 32, 74
148, 150, 32, 74
148, 150, 33, 75
150, 149, 33, 76
147, 149, 35, 75
146, 148, 36, 75
146, 148, 37, 74
145, 149, 38, 74
145, 149, 38, 74
145, 149, 39, 74
145, 149, 39, 74
145, 148, 39, 74
145, 148, 40, 74
145, 150, 40, 73
144, 149, 40, 73
145, 148, 40, 74
145, 149, 40, 74
144, 149, 40, 74
145, 148, 40, 74
145, 150, 40, 74
145, 149, 40, 74
145, 148, 41, 74
145, 147, 41, 74
146, 150, 40, 73
146, 148, 41, 74
145, 149, 41, 74
146, 149, 41, 74
146, 149, 41, 74
146, 148, 41, 74
147, 150, 41, 73
147, 149, 41, 74
146, 150, 41, 74
147, 149, 41, 74
147, 149, 41, 74
146, 149, 41, 75
146, 150, 41, 74
145, 152, 40, 74
144, 152, 41, 75
144, 152, 41, 75
143, 152, 41, 75
144, 151, 41, 75
143, 151, 41, 75
143, 152, 41, 75
143, 150, 40, 75
143, 151, 41, 74
143, 151, 41, 74
142, 151, 41, 74
143, 151, 41, 74
142, 151, 41, 74
141, 151, 41, 74
141, 151, 41, 74
141, 151, 41, 74
140, 152, 41, 74
141, 150, 41, 74
141, 151, 41, 74
141, 151, 41, 74
141, 151, 41, 74
141, 152, 41, 74
141, 152, 41, 74
141, 152, 41, 74
142, 152, 41, 74
142, 153, 41, 74
143, 152, 41, 74
144, 152, 41, 74
143, 154, 41, 73
143, 154, 41, 73
144, 152, 41, 74
143, 154, 41, 73
143, 153, 41, 73
144, 153, 41, 73
143, 153, 41, 73
144, 153, 41, 73
143, 153, 41, 73
143, 152, 41, 74
143, 152, 40, 74
143, 151, 41, 74
142, 152, 41, 74
142, 151, 41, 74
143, 153, 41, 73
142, 154, 41, 73
142, 152, 40, 74
143, 151, 40, 74
143, 152, 40, 74
144, 151, 40, 74
144, 151, 40, 74
144, 152, 41, 74
145, 151, 40, 74
145, 150, 40, 74
144, 151, 41, 74
146, 151, 41, 74
146, 151, 41, 74
146, 153, 41, 73
146, 154, 40, 73
146, 154, 40, 73
147, 154, 40, 73
147, 155, 40, 73
148, 155, 41, 72
147, 155, 40, 73
148, 155, 40, 73
148, 155, 40, 72
148, 155, 40, 73
149, 155, 40, 73
148, 155, 40, 73
148, 155, 40, 73
148, 156, 40, 73
148, 154, 40, 74
148, 154, 40, 74
148, 153, 40, 74
148, 153, 40, 73
149, 154, 41, 73
149, 154, 41, 73
149, 155, 41, 73
149, 154, 41, 73
149, 154, 41, 73
149, 154, 41, 73
150, 154, 41, 73
149, 154, 42, 73
151, 152, 41, 73
150, 154, 41, 73
151, 153, 41, 73
150, 154, 41, 73
151, 154, 41, 73
151, 153, 40, 73
150, 153, 40, 73
150, 153, 40, 73
150, 151, 40, 74
151, 152, 40, 74
150, 151, 40, 74
150, 152, 40, 73
150, 153, 40, 73
150, 153, 40, 73
149, 152, 40, 73
149, 152, 40, 74
149, 151, 40, 74
149, 151, 40, 74
149, 150, 40, 74
150, 149, 41, 74
150, 150, 41, 74
149, 149, 41, 74
150, 150, 41, 74
149, 149, 41, 74
149, 150, 41, 74
148, 150, 42, 74
148, 151, 41, 74
148, 150, 41, 74
147, 151, 41, 74
147, 150, 41, 75
147, 150, 41, 74
147, 150, 41, 74
146, 150, 41, 74
146, 148, 41, 74
147, 149, 41, 73
146, 148, 41, 73
146, 149, 41, 73
146, 149, 40, 73
146, 148, 40, 72
145, 149, 40, 72
146, 150, 39, 71
146, 150, 39, 71
146, 150, 39, 71
145, 150, 38, 71
145, 151, 38, 71
145, 150, 39, 71
145, 150, 38, 71
144, 151, 39, 71
144, 151, 38, 71
144, 150, 38, 71
145, 150, 38, 70
145, 150, 38, 71
145, 150, 38, 70
144, 150, 38, 71
144, 150, 38, 71
144, 150, 38, 71
144, 150, 38, 71
144, 149, 38, 70
144, 149, 38, 71
146, 149, 37, 70
144, 149, 38, 70
144, 149, 38, 70
144, 149, 38, 70
144, 149, 38, 70
143, 149, 38, 70
144, 149, 38, 70
144, 149, 38, 71
146, 150, 38, 71
147, 149, 38, 72
148, 148, 39, 72
149, 149, 39, 72
149, 148, 39, 72
149, 147, 40, 73
152, 146, 40, 73
154, 147, 40, 73
158, 145, 40, 73
162, 143, 39, 74
165, 144, 39, 75
167, 143, 39, 76
169, 142, 39, 77
169, 140, 38, 79
168, 139, 38, 80
167, 138, 38, 81
168, 136, 37, 82
164, 136, 38, 82
162, 136, 39, 82
157, 134, 40, 83
153, 133, 40, 83
145, 132, 41, 83
139, 132, 42, 82
136, 131, 42, 82
132, 131, 42, 81
123, 132, 42, 81
116, 132, 46, 77
112, 133, 48, 75
107, 134, 50, 74
106, 135, 50, 73
107, 135, 46, 75
107, 137, 44, 77
107, 136, 43, 77
106, 136, 42, 77
106, 141, 41, 78
105, 141, 40, 79
105, 145, 39, 81
105, 145, 40, 81
105, 148, 39, 82
105, 147, 40, 81
106, 150, 41, 80
107, 154, 41, 79
108, 153, 41, 78
108, 156, 41, 77
109, 158, 41, 77
108, 159, 44, 72
107, 162, 46, 71
106, 164, 48, 69
106, 162, 48, 69
105, 164, 49, 68
104, 165, 49, 68
100, 162, 50, 68
99, 164, 50, 68
98, 161, 50, 68
97, 164, 51, 69
95, 164, 51, 70
94, 161, 51, 71
92, 159, 51, 72
89, 157, 52, 72
86, 157, 52, 72
82, 157, 53, 72
79, 157, 53, 73
74, 156, 53, 73
69, 155, 54, 73
65, 156, 55, 73
62, 156, 55, 73
58, 154, 55, 73
58, 151, 56, 73
53, 151, 56, 73
51, 148, 56, 74
52, 147, 57, 73
48, 147, 56, 73
49, 145, 57, 73
45, 143, 57, 74
47, 142, 57, 74
45, 143, 57, 74
45, 140, 57, 74
45, 139, 57, 74
45, 142, 53, 78
48, 139, 50, 80
50, 138, 49, 80
51, 137, 48, 80
53, 137, 48, 80
57, 137, 48, 80
58, 136, 48, 80
64, 137, 51, 80
67, 137, 53, 79
72, 136, 53, 79
77, 136, 55, 79
82, 135, 56, 78
87, 138, 58, 77
92, 137, 59, 79
96, 136, 58, 79
100, 137, 58, 78
103, 138, 58, 77
108, 141, 59, 78
109, 140, 58, 77
111, 140, 58, 76
113, 141, 58, 75
116, 141, 57, 75
119, 142, 57, 74
125, 142, 58, 74
125, 143, 58, 74
129, 144, 57, 73
131, 145, 57, 73
133, 144, 57, 73
136, 149, 56, 73
136, 148, 56, 72
138, 151, 55, 73
139, 149, 55, 73
139, 149, 55, 72
137, 149, 56, 71
137, 153, 56, 70
137, 154, 56, 69
137, 155, 56, 68
138, 156, 55, 68
139, 161, 54, 69
140, 159, 54, 69
139, 163, 53, 69
142, 164, 49, 72
141, 162, 46, 73
136, 166, 48, 71
136, 168, 45, 72
128, 169, 44, 74
127, 171, 44, 75
122, 169, 46, 72
121, 173, 45, 73
116, 171, 47, 71
113, 169, 49, 68
110, 171, 50, 68
108, 166, 51, 68
104, 165, 53, 68
100, 167, 54, 68
97, 170, 54, 69
93, 166, 54, 70
88, 164, 54, 70
83, 166, 54, 71
78, 165, 54, 71
76, 164, 54, 71
73, 163, 55, 71
72, 166, 51, 75
71, 163, 48, 76
69, 161, 46, 78
68, 159, 44, 78
66, 157, 42, 80
65, 156, 41, 81
62, 153, 40, 82
62, 153, 39, 82
62, 152, 39, 82
61, 150, 38, 82
61, 150, 38, 81
62, 148, 38, 81
62, 146, 39, 81
64, 144, 39, 81
65, 142, 40, 80
70, 141, 40, 80
71, 138, 40, 80
73, 137, 41, 79
78, 134, 41, 80
79, 132, 42, 80
87, 129, 42, 80
93, 130, 42, 82
98, 129, 42, 82
104, 129, 43, 82
110, 129, 43, 82
116, 128, 42, 84
122, 129, 42, 83
123, 127, 43, 82
131, 130, 43, 84
137, 129, 44, 84
144, 128, 44, 84
147, 127, 45, 84
156, 128, 46, 84
161, 128, 46, 86
169, 128, 45, 87
177, 128, 44, 88
185, 128, 44, 90
192, 129, 44, 91
199, 128, 45, 91
200, 127, 46, 90
204, 127, 47, 89
204, 129, 48, 89
213, 132, 48, 87
209, 129, 52, 80
209, 132, 55, 76
208, 134, 57, 74
208, 136, 58, 72
209, 139, 58, 71
209, 140, 58, 70
210, 142, 58, 69
208, 141, 58, 68
206, 142, 59, 68
205, 143, 58, 68
199, 145, 58, 68
194, 148, 58, 68
194, 151, 57, 68
185, 155, 58, 67
179, 155, 57, 69
172, 155, 55, 69
166, 156, 55, 68
157, 154, 56, 67
151, 155, 57, 68
150, 157, 57, 68
141, 152, 57, 69
131, 152, 58, 69
125, 150, 58, 70
123, 150, 57, 71
116, 148, 58, 72
112, 149, 58, 72
107, 149, 60, 72
102, 151, 61, 71
95, 151, 62, 72
89, 152, 61, 72
84, 149, 60, 74
80, 145, 59, 75
76, 145, 58, 75
73, 141, 58, 76
71, 138, 57, 77
67, 134, 57, 78
69, 132, 52, 83
70, 129, 50, 85
72, 123, 48, 87
79, 119, 46, 88
80, 118, 45, 89
86, 114, 45, 89
92, 111, 45, 89
93, 106, 45, 91
101, 102, 45, 91
107, 99, 46, 91
114, 97, 47, 89
116, 94, 47, 89
123, 93, 47, 89
125, 89, 47, 89
127, 86, 47, 89
129, 82, 47, 90
137, 80, 47, 91
138, 77, 47, 92
140, 74, 47, 93
141, 71, 47, 93
142, 67, 47, 93
143, 63, 47, 92
144, 60, 47, 92
145, 58, 46, 93
145, 56, 46, 93
146, 55, 46, 93
144, 52, 46, 94
145, 51, 45, 95
142, 48, 45, 97
140, 46, 45, 98
138, 44, 46, 99
136, 42, 46, 99
134, 41, 46, 98
134, 41, 45, 96
131, 43, 45, 95
129, 44, 44, 94
127, 46, 43, 94
124, 58, 42, 96
120, 60, 42, 98
118, 63, 42, 98
116, 66, 43, 99
113, 58, 43, 98
108, 64, 44, 98
105, 67, 44, 97
103, 72, 45, 97
101, 73, 45, 96
99, 79, 45, 96
98, 83, 44, 96
94, 87, 42, 97
95, 89, 42, 94
94, 94, 42, 93
94, 99, 42, 93
95, 104, 40, 95
95, 108, 40, 94
96, 114, 40, 93
95, 120, 40, 92
96, 124, 41, 90
96, 127, 42, 88
99, 129, 47, 83
94, 136, 50, 81
96, 139, 48, 82
99, 140, 46, 80
99, 144, 46, 79
101, 144, 45, 79
101, 147, 45, 78
101, 148, 44, 77
102, 151, 44, 76
102, 154, 44, 75
102, 152, 44, 74
103, 156, 43, 73
102, 155, 45, 70
101, 155, 46, 68
101, 157, 48, 66
100, 159, 48, 64
104, 161, 45, 66
103, 161, 46, 65
101, 161, 46, 65
100, 161, 47, 64
101, 161, 48, 64
99, 161, 48, 64
100, 162, 48, 63
97, 161, 48, 64
101, 162, 49, 63
101, 161, 49, 63
101, 160, 49, 63
100, 160, 49, 63
100, 159, 49, 63
98, 159, 49, 63
97, 158, 49, 63
96, 157, 49, 63
94, 155, 50, 64
93, 154, 50, 64
93, 153, 50, 65
93, 151, 51, 66
92, 150, 51, 66
90, 149, 52, 66
88, 148, 52, 66
88, 146, 52, 68
86, 144, 53, 69
86, 142, 53, 71
86, 140, 53, 72
85, 139, 53, 73
88, 134, 53, 75
84, 132, 54, 76
83, 129, 55, 77
83, 126, 55, 78
85, 123, 57, 79
83, 120, 57, 81
84, 117, 57, 82
87, 114, 58, 83
86, 111, 58, 84
92, 109, 59, 84
98, 114, 61, 86
100, 108, 62, 88
106, 107, 61, 89
114, 107, 61, 89
124, 107, 61, 89
131, 109, 62, 88
135, 114, 64, 87
138, 116, 66, 84
152, 118, 61, 90
161, 118, 58, 95
166, 117, 56, 97
175, 117, 55, 98
178, 125, 52, 99
182, 124, 51, 99
184, 124, 50, 98
185, 125, 50, 97
188, 127, 50, 95
189, 128, 49, 95
189, 135, 48, 97
189, 133, 48, 98
187, 133, 48, 98
185, 134, 49, 98
182, 138, 50, 97
180, 140, 51, 96
177, 143, 51, 96
171, 145, 52, 96
168, 148, 52, 95
164, 151, 52, 95
163, 152, 52, 94
161, 156, 51, 95
159, 159, 51, 96
153, 163, 50, 95
153, 160, 50, 92
153, 158, 51, 91
147, 163, 54, 88
142, 169, 56, 87
140, 172, 56, 85
144, 171, 57, 82
142, 175, 57, 81
139, 178, 57, 79
136, 179, 56, 79
132, 181, 57, 79
127, 176, 57, 78
122, 174, 57, 77
119, 176, 57, 77
114, 176, 58, 75
112, 178, 58, 75
109, 179, 58, 76
108, 179, 59, 74
107, 177, 58, 73
105, 179, 58, 73
106, 178, 58, 72
106, 179, 58, 72
107, 179, 57, 70
109, 181, 56, 71
111, 179, 56, 70
113, 182, 55, 69
114, 181, 54, 68
117, 184, 53, 69
118, 183, 52, 68
121, 184, 52, 67
124, 184, 51, 66
127, 187, 48, 68
132, 187, 48, 67
133, 187, 48, 65
138, 187, 48, 64
142, 187, 48, 63
144, 186, 48, 62
150, 186, 49, 61
156, 186, 49, 61
159, 184, 49, 62
162, 184, 49, 62
167, 183, 49, 62
170, 182, 49, 62
172, 181, 49, 63
175, 179, 50, 63
177, 172, 51, 63
177, 167, 52, 62
180, 167, 52, 62
183, 171, 48, 67
180, 168, 45, 70
183, 167, 43, 73
182, 164, 43, 75
181, 161, 43, 77
180, 159, 42, 78
179, 157, 42, 78
179, 155, 41, 79
176, 156, 43, 78
169, 156, 44, 78
164, 154, 44, 78
161, 154, 48, 75
158, 155, 51, 74
154, 157, 53, 73
150, 155, 55, 72
146, 156, 56, 73
142, 157, 57, 73
131, 158, 59, 72
131, 164, 58, 73
132, 167, 57, 73
132, 170, 56, 74
132, 173, 56, 74
131, 176, 56, 75
136, 178, 51, 77
138, 180, 48, 79
140, 183, 46, 78
143, 181, 45, 78
145, 184, 44, 77
147, 187, 43, 76
149, 185, 43, 75
151, 187, 42, 74
153, 184, 42, 74
156, 184, 45, 70
158, 188, 43, 71
160, 189, 42, 72
162, 186, 42, 72
165, 188, 41, 73
167, 187, 41, 73
170, 185, 41, 73
172, 184, 41, 73
174, 183, 41, 73
177, 183, 41, 73
179, 182, 41, 73
183, 182, 41, 73
186, 181, 41, 73
190, 179, 41, 74
192, 178, 41, 74
194, 177, 41, 74
195, 176, 41, 76
198, 174, 41, 78
202, 173, 41, 80
206, 171, 41, 82
209, 171, 41, 83
216, 168, 41, 86
216, 165, 42, 88
217, 163, 42, 89
219, 161, 43, 88
220, 162, 43, 87
221, 162, 44, 86
221, 161, 44, 87
223, 159, 44, 89
224, 156, 44, 90
225, 156, 45, 91
227, 154, 45, 92
228, 153, 45, 91
234, 153, 46, 91
233, 150, 46, 92
234, 147, 46, 93
235, 145, 46, 92
235, 145, 46, 91
239, 145, 50, 87
236, 145, 52, 84
236, 144, 53, 82
235, 142, 55, 81
233, 141, 56, 80
232, 142, 56, 79
231, 141, 57, 78
230, 140, 57, 79
226, 140, 57, 79
221, 138, 58, 78
218, 137, 58, 78
213, 136, 58, 79
210, 133, 58, 80
207, 132, 58, 81
203, 130, 59, 82
199, 129, 59, 83
193, 128, 60, 83
188, 126, 61, 84
180, 124, 64, 84
173, 124, 65, 83
167, 124, 64, 84
161, 123, 64, 86
156, 125, 64, 86
153, 124, 64, 87
147, 123, 64, 88
142, 121, 65, 89
138, 120, 65, 88
133, 120, 65, 88
128, 120, 64, 89
124, 121, 64, 89
120, 121, 64, 89
116, 123, 63, 89
114, 122, 62, 88
111, 122, 62, 87
110, 123, 62, 86
109, 124, 62, 85
108, 124, 62, 84
106, 124, 63, 83
108, 125, 64, 82
105, 125, 64, 82
107, 127, 66, 80
104, 129, 66, 80
108, 132, 67, 79
105, 134, 66, 79
110, 134, 65, 79
112, 136, 64, 79
113, 137, 63, 80
114, 140, 63, 81
118, 147, 56, 86
122, 147, 53, 88
125, 150, 50, 89
128, 152, 49, 89
130, 152, 48, 89
133, 157, 47, 90
140, 158, 47, 89
144, 159, 47, 88
144, 161, 47, 87
145, 164, 46, 87
147, 161, 46, 86
150, 160, 45, 85
152, 158, 45, 84
154, 155, 44, 84
156, 154, 44, 84
157, 152, 44, 84
158, 149, 43, 85
158, 145, 44, 86
160, 140, 45, 88
161, 136, 45, 90
164, 130, 45, 90
165, 128, 46, 91
166, 124, 46, 93
167, 119, 47, 94
168, 111, 47, 96
168, 111, 47, 99
166, 103, 48, 101
167, 96, 49, 102
168, 91, 49, 102
169, 85, 49, 102
168, 81, 49, 101
166, 78, 50, 102
165, 71, 50, 103
164, 67, 50, 103
162, 63, 51, 102
160, 60, 51, 102
158, 56, 51, 102
150, 56, 51, 104
148, 51, 52, 104
145, 53, 52, 107
142, 53, 51, 110
137, 54, 50, 112
132, 53, 50, 114
127, 53, 50, 116
123, 54, 50, 118
119, 54, 50, 120
114, 55, 50, 121
110, 54, 51, 122
105, 56, 52, 121
100, 59, 54, 119
97, 62, 54, 118
95, 66, 54, 116
93, 71, 53, 114
92, 82, 53, 114
91, 84, 53, 113
92, 88, 53, 110
91, 96, 53, 110
91, 97, 53, 108
90, 105, 52, 108
92, 109, 53, 105
93, 116, 52, 105
94, 124, 52, 104
94, 132, 52, 104
101, 134, 52, 103
101, 132, 58, 98
98, 140, 61, 96
101, 140, 64, 93
101, 148, 60, 96
106, 147, 63, 93
107, 155, 59, 95
111, 156, 57, 95
115, 161, 55, 95
119, 167, 58, 93
121, 169, 55, 94
123, 172, 54, 93
127, 175, 53, 92
130, 174, 52, 91
141, 177, 51, 90
144, 181, 51, 89
147, 178, 50, 88
151, 177, 50, 88
157, 181, 50, 88
158, 178, 50, 88
166, 178, 49, 87
167, 176, 49, 86
169, 175, 48, 86
176, 179, 47, 87
177, 176, 47, 86
179, 174, 47, 86
181, 170, 47, 86
183, 168, 47, 86
183, 166, 46, 87
184, 157, 47, 86
184, 156, 46, 86
185, 154, 46, 86
186, 153, 47, 86
187, 151, 46, 86
186, 147, 46, 88
185, 143, 46, 90
184, 140, 46, 91
183, 135, 47, 93
183, 131, 47, 95
183, 127, 47, 97
183, 124, 47, 98
181, 122, 47, 99
179, 115, 48, 99
177, 113, 48, 100
175, 114, 48, 101
171, 108, 49, 100
163, 107, 49, 102
162, 106, 50, 103
159, 106, 50, 104
156, 105, 51, 105
154, 106, 51, 106
150, 111, 52, 105
148, 115, 52, 105
148, 119, 52, 105
147, 123, 53, 104
147, 126, 53, 102
147, 128, 54, 100
146, 128, 54, 99
145, 125, 54, 101
144, 118, 54, 104
144, 110, 54, 106
145, 106, 53, 107
146, 102, 53, 107
146, 99, 53, 106
144, 97, 54, 106
141, 96, 54, 105
139, 97, 54, 104
135, 100, 54, 104
126, 102, 55, 103
125, 110, 54, 103
124, 112, 54, 102
123, 117, 54, 102
122, 119, 54, 100
121, 122, 58, 94
119, 123, 60, 90
116, 124, 62, 89
116, 121, 63, 89
116, 117, 63, 90
115, 108, 63, 90
113, 105, 64, 90
113, 102, 65, 89
114, 98, 66, 89
113, 93, 66, 90
113, 90, 66, 90
112, 91, 66, 89
112, 96, 67, 90
112, 103, 67, 90
115, 107, 61, 98
118, 107, 59, 102
122, 114, 57, 105
124, 115, 57, 105
127, 119, 61, 99
127, 120, 64, 96
129, 119, 66, 95
132, 117, 67, 95
133, 112, 68, 96
137, 106, 68, 98
137, 101, 68, 99
142, 87, 68, 98
144, 81, 69, 100
146, 70, 68, 100
147, 67, 68, 100
150, 64, 69, 100
150, 61, 69, 99
147, 59, 70, 98
145, 67, 70, 99
145, 74, 70, 100
146, 73, 70, 100
144, 81, 71, 101
143, 89, 72, 102
146, 88, 72, 102
148, 97, 72, 102
151, 94, 73, 103
152, 90, 73, 104
153, 88, 74, 106
150, 84, 75, 108
153, 71, 76, 109
153, 68, 77, 111
153, 66, 72, 119
153, 52, 74, 117
151, 49, 76, 116
147, 57, 78, 116
147, 67, 73, 125
146, 67, 71, 131
146, 70, 70, 135
146, 82, 69, 140
147, 85, 69, 141
145, 97, 70, 140
149, 98, 70, 137
153, 93, 75, 131
150, 103, 73, 133
151, 92, 72, 134
154, 83, 71, 135
156, 73, 71, 138
152, 70, 70, 142
154, 58, 71, 143
152, 58, 71, 145
148, 46, 73, 146
143, 49, 74, 146
139, 49, 75, 146
136, 51, 76, 146
135, 54, 76, 146
136, 57, 76, 147
136, 58, 76, 146
138, 72, 75, 147
140, 73, 75, 146
140, 85, 74, 145
145, 82, 79, 139
144, 91, 77, 141
148, 88, 82, 135
147, 89, 80, 135
149, 99, 77, 137
157, 96, 76, 138
164, 96, 74, 138
173, 93, 73, 138
180, 90, 72, 138
182, 79, 72, 136
191, 80, 73, 135
195, 66, 74, 135
205, 67, 74, 135
212, 56, 77, 128
215, 59, 80, 123
220, 69, 76, 126
221, 65, 78, 122
224, 66, 79, 117
224, 71, 80, 116
220, 74, 82, 113
216, 76, 81, 111
213, 77, 79, 108
205, 80, 79, 106
201, 90, 78, 106
193, 90, 78, 105
186, 93, 80, 103
180, 95, 80, 104
172, 104, 80, 105
166, 107, 81, 104
159, 112, 81, 102
150, 116, 81, 101
146, 121, 81, 100
142, 124, 80, 100
142, 127, 79, 99
140, 134, 78, 101
139, 140, 76, 103
139, 139, 76, 101
139, 146, 75, 101
138, 152, 75, 101
144, 149, 75, 100
143, 156, 73, 100
147, 158, 69, 101
152, 155, 69, 99
146, 143, 71, 97
155, 160, 70, 97
157, 159, 69, 95
163, 163, 69, 95
165, 158, 71, 94
164, 155, 70, 92
169, 154, 71, 91
174, 151, 71, 90
173, 147, 69, 91
178, 145, 70, 89
175, 140, 69, 90
175, 139, 69, 89
174, 136, 69, 89
174, 133, 69, 89
172, 129, 68, 89
173, 126, 63, 95
169, 115, 64, 94
166, 114, 65, 94
164, 111, 65, 95
157, 107, 66, 95
151, 105, 67, 95
148, 101, 67, 94
145, 99, 66, 95
142, 98, 66, 94
139, 99, 66, 93
137, 99, 66, 91
136, 106, 66, 91
136, 105, 65, 90
136, 106, 65, 88
136, 107, 64, 87
136, 108, 63, 87
137, 116, 62, 87
140, 115, 61, 86
139, 117, 61, 85
142, 119, 61, 83
143, 124, 61, 83
144, 124, 61, 83
145, 124, 61, 82
145, 125, 61, 81
148, 126, 61, 80
152, 129, 61, 79
156, 131, 61, 79
161, 130, 61, 80
169, 130, 60, 81
174, 131, 59, 81
178, 131, 59, 81
185, 130, 59, 81
192, 127, 62, 79
197, 130, 62, 78
203, 130, 62, 79
212, 128, 61, 79
215, 127, 61, 79
217, 127, 60, 79
221, 127, 59, 78
224, 126, 58, 78
226, 126, 58, 77
226, 124, 61, 73
226, 125, 60, 73
226, 125, 59, 74
223, 127, 58, 73
224, 128, 57, 73
220, 129, 56, 73
217, 127, 56, 75
214, 126, 56, 76
210, 126, 56, 76
204, 125, 58, 76
200, 126, 59, 75
195, 122, 61, 73
181, 124, 61, 73
170, 126, 60, 73
165, 125, 58, 75
159, 125, 58, 76
155, 126, 58, 77
151, 124, 58, 78
145, 124, 59, 78
138, 125, 59, 77
131, 128, 60, 76
127, 128, 59, 76
122, 129, 60, 77
120, 130, 61, 76
116, 131, 62, 77
111, 133, 65, 76
106, 135, 66, 75
101, 138, 66, 75
94, 141, 66, 75
94, 142, 64, 76
93, 144, 62, 75
91, 145, 62, 75
93, 148, 61, 74
92, 151, 60, 73
93, 152, 60, 72
95, 157, 58, 73
97, 159, 56, 74
99, 158, 56, 73
100, 158, 55, 72
104, 161, 55, 71
107, 162, 55, 70
113, 165, 56, 68
117, 164, 55, 68
124, 167, 57, 65
127, 167, 57, 65
133, 168, 58, 64
139, 179, 55, 66
147, 180, 51, 70
152, 178, 51, 71
158, 178, 48, 73
161, 173, 46, 74
167, 168, 49, 71
170, 170, 50, 69
171, 165, 52, 68
175, 165, 53, 68
183, 169, 54, 67
191, 163, 54, 67
195, 165, 54, 66
205, 166, 55, 65
209, 167, 55, 65
219, 162, 55, 65
220, 161, 54, 66
225, 154, 55, 67
227, 154, 55, 67
228, 154, 57, 67
234, 150, 58, 66
242, 154, 58, 67
243, 147, 58, 68
244, 148, 57, 69
257, 154, 51, 74
260, 152, 47, 78
263, 150, 45, 80
265, 148, 43, 82
266, 145, 42, 84
268, 143, 41, 87
268, 142, 41, 87
268, 141, 41, 86
268, 139, 41, 86
268, 137, 41, 86
265, 134, 42, 88
259, 133, 42, 88
259, 132, 42, 88
252, 132, 43, 87
251, 131, 44, 87
248, 130, 45, 87
241, 130, 45, 87
241, 129, 45, 87
239, 131, 44, 87
230, 129, 44, 85
228, 126, 45, 86
224, 126, 46, 86
217, 126, 47, 86
214, 128, 48, 87
207, 127, 48, 90
203, 129, 48, 91
196, 130, 47, 91
192, 128, 48, 92
184, 126, 47, 93
181, 126, 47, 93
173, 127, 48, 92
171, 127, 48, 92
164, 126, 48, 91
160, 126, 52, 88
155, 127, 55, 85
149, 129, 58, 83
144, 128, 59, 82
140, 135, 59, 81
137, 135, 59, 81
133, 140, 58, 80
131, 138, 57, 80
128, 137, 58, 80
128, 138, 58, 80
126, 143, 58, 80
125, 148, 58, 79
124, 145, 58, 79
124, 145, 58, 79
125, 141, 54, 82
125, 142, 56, 81
126, 145, 58, 80
124, 159, 59, 79
124, 160, 59, 79
124, 161, 59, 80
125, 164, 59, 80
129, 163, 60, 78
128, 167, 60, 77
132, 166, 60, 76
137, 169, 58, 77
140, 166, 58, 76
145, 170, 57, 77
145, 163, 59, 74
152, 165, 59, 73
159, 159, 59, 72
158, 159, 59, 72
160, 158, 58, 72
164, 160, 58, 71
166, 160, 58, 71
168, 160, 58, 71
171, 159, 57, 71
174, 158, 56, 71
173, 152, 56, 70
180, 155, 56, 68
183, 155, 55, 69
185, 150, 55, 68
188, 152, 54, 68
194, 150, 49, 72
198, 147, 46, 76
202, 142, 44, 81
210, 139, 43, 83
210, 131, 42, 83
210, 130, 42, 85
210, 124, 42, 84
209, 119, 42, 83
209, 116, 41, 85
207, 112, 42, 85
208, 109, 43, 84
208, 105, 42, 84
207, 101, 42, 85
201, 92, 43, 86
202, 91, 43, 88
201, 84, 44, 88
195, 80, 44, 89
195, 77, 45, 90
193, 75, 45, 91
185, 70, 46, 92
182, 69, 47, 93
174, 63, 47, 94
169, 63, 48, 93
161, 62, 49, 92
158, 64, 50, 90
150, 67, 50, 90
147, 69, 49, 90
142, 72, 48, 90
133, 78, 49, 92
129, 82, 50, 91
122, 88, 50, 90
114, 94, 50, 89
113, 98, 49, 89
107, 104, 49, 88
102, 108, 54, 83
97, 116, 57, 79
95, 124, 59, 75
94, 129, 60, 74
94, 135, 60, 73
92, 141, 60, 72
95, 144, 60, 72
94, 148, 60, 72
95, 153, 60, 72
96, 156, 60, 72
98, 160, 59, 71
99, 163, 59, 71
104, 164, 59, 71
106, 165, 58, 70
114, 168, 58, 69
115, 169, 58, 68
121, 171, 58, 67
122, 171, 57, 67
126, 174, 57, 66
128, 173, 56, 66
133, 178, 54, 67
136, 175, 53, 68
142, 178, 51, 69
148, 178, 49, 72
149, 176, 49, 71
155, 178, 49, 72
153, 176, 49, 71
157, 179, 50, 71
157, 177, 50, 70
159, 180, 50, 71
160, 178, 51, 71
160, 180, 51, 73
161, 176, 51, 73
161, 177, 52, 74
161, 173, 52, 74
160, 173, 53, 76
161, 170, 53, 77
158, 167, 55, 77
158, 163, 56, 79
158, 158, 57, 80
156, 154, 58, 81
154, 149, 60, 82
153, 144, 61, 82
152, 140, 62, 83
151, 135, 63, 84
150, 132, 64, 85
151, 128, 65, 86
149, 124, 66, 86
150, 122, 66, 87
151, 117, 67, 88
152, 107, 66, 89
152, 105, 65, 89
152, 102, 66, 89
153, 100, 66, 89
154, 95, 66, 89
155, 92, 65, 89
156, 92, 65, 88
157, 92, 65, 87
157, 90, 64, 86
159, 90, 62, 86
160, 91, 61, 84
159, 92, 60, 82
159, 93, 60, 81
160, 93, 59, 80
160, 95, 59, 78
159, 97, 60, 77
159, 98, 59, 77
159, 99, 59, 77
157, 100, 60, 76
156, 101, 60, 76
154, 103, 60, 75
154, 105, 59, 75
154, 106, 59, 74
152, 110, 59, 72
151, 112, 58, 72
150, 115, 58, 71
149, 118, 58, 71
148, 120, 57, 70
146, 123, 57, 70
146, 125, 57, 69
145, 128, 57, 69
144, 130, 56, 68
144, 130, 55, 68
142, 132, 55, 68
144, 135, 55, 68
144, 139, 56, 67
141, 140, 56, 67
145, 142, 55, 67
142, 143, 55, 67
145, 146, 55, 67
147, 148, 54, 67
148, 149, 54, 67
148, 151, 55, 67
150, 152, 55, 68
151, 153, 54, 68
161, 162, 51, 72
163, 163, 49, 74
162, 160, 50, 74
167, 159, 51, 73
166, 160, 52, 74
171, 158, 53, 72
170, 159, 53, 74
170, 158, 54, 74
171, 156, 55, 74
175, 157, 55, 75
173, 156, 56, 76
176, 153, 56, 77
178, 150, 57, 76
179, 149, 58, 75
182, 148, 59, 75
185, 147, 58, 75
187, 145, 58, 76
191, 142, 58, 76
197, 141, 58, 77
199, 142, 58, 77
204, 141, 57, 77
208, 139, 57, 78
210, 138, 57, 78
213, 137, 57, 78
215, 136, 56, 79
220, 136, 57, 79
223, 135, 58, 79
223, 135, 58, 79
226, 135, 58, 78
228, 135, 58, 78
228, 136, 58, 77
230, 134, 57, 78
231, 135, 58, 77
232, 134, 58, 76
234, 133, 58, 76
235, 134, 58, 75
238, 136, 58, 75
235, 137, 58, 74
233, 137, 58, 75
236, 137, 57, 76
230, 137, 58, 76
227, 137, 57, 76
225, 136, 57, 76
222, 137, 57, 75
221, 137, 56, 75
220, 138, 56, 75
219, 136, 56, 76
215, 138, 56, 76
212, 140, 57, 75
209, 141, 58, 74
205, 142, 59, 74
199, 143, 60, 74
196, 143, 60, 74
192, 146, 60, 74
187, 144, 60, 74
180, 146, 60, 75
177, 146, 60, 75
171, 147, 60, 74
172, 148, 59, 74
169, 148, 59, 75
168, 147, 59, 76
164, 148, 58, 75
162, 150, 58, 75
159, 150, 58, 75
154, 149, 58, 75
152, 149, 58, 75
149, 148, 58, 75
147, 149, 58, 74
144, 149, 58, 74
142, 150, 57, 73
139, 150, 57, 73
135, 150, 56, 73
136, 148, 56, 73
136, 152, 55, 73
134, 150, 55, 73
133, 152, 55, 74
133, 151, 55, 73
131, 152, 55, 74
129, 151, 56, 73
128, 149, 56, 74
127, 151, 57, 75
127, 149, 57, 75
124, 148, 58, 75
122, 148, 58, 75
121, 147, 59, 75
122, 147, 59, 74
122, 147, 59, 74
127, 146, 60, 75
126, 145, 60, 75
126, 143, 60, 76
128, 143, 60, 76
130, 144, 60, 77
135, 143, 59, 77
139, 142, 59, 77
142, 142, 59, 77
149, 139, 60, 78
152, 141, 62, 77
156, 140, 62, 77
165, 139, 62, 79
168, 137, 62, 80
177, 136, 62, 82
182, 135, 62, 83
186, 133, 58, 88
192, 131, 59, 88
200, 131, 56, 91
204, 131, 54, 93
212, 130, 53, 93
215, 126, 52, 96
220, 124, 51, 98
222, 124, 50, 99
226, 122, 51, 99
230, 121, 52, 99
233, 124, 53, 97
241, 124, 54, 98
242, 125, 55, 98
244, 124, 55, 99
247, 125, 54, 100
249, 126, 54, 100
252, 126, 53, 101
253, 126, 53, 100
254, 126, 53, 101
254, 125, 53, 101
255, 125, 53, 101
256, 118, 54, 100
251, 115, 58, 99
248, 110, 61, 98
240, 110, 62, 97
238, 107, 64, 96
232, 106, 65, 95
225, 107, 66, 93
221, 105, 66, 93
214, 105, 67, 92
210, 104, 67, 92
203, 105, 67, 92
196, 106, 68, 91
191, 107, 69, 89
180, 107, 70, 88
177, 106, 69, 88
171, 111, 70, 89
163, 108, 69, 90
158, 108, 69, 90
151, 107, 70, 90
147, 109, 71, 90
140, 110, 71, 90
133, 111, 72, 90
128, 113, 71, 90
125, 116, 71, 89
121, 116, 71, 89
116, 117, 72, 88
115, 117, 72, 88
111, 118, 73, 87
106, 120, 74, 85
103, 120, 74, 84
100, 122, 74, 83
99, 124, 72, 82
97, 124, 70, 82
95, 125, 68, 82
95, 126, 66, 83
96, 128, 65, 82
96, 129, 64, 82
99, 131, 63, 82
105, 133, 62, 81
104, 133, 62, 82
104, 139, 61, 82
108, 138, 60, 81
109, 138, 60, 81
108, 143, 59, 81
111, 146, 56, 82
109, 146, 58, 80
105, 150, 58, 80
106, 149, 58, 78
104, 151, 59, 79
102, 152, 59, 80
99, 152, 60, 78
95, 154, 61, 77
95, 154, 60, 79
94, 155, 60, 79
92, 153, 61, 78
92, 155, 61, 79
91, 155, 61, 78
91, 158, 61, 79
91, 157, 61, 78
92, 159, 60, 78
94, 160, 60, 77
97, 164, 60, 77
100, 166, 60, 77
108, 163, 60, 76
116, 166, 60, 76
123, 168, 60, 77
128, 168, 61, 75
130, 172, 60, 76
136, 174, 59, 76
143, 173, 57, 75
147, 175, 56, 77
156, 176, 54, 78
163, 171, 54, 78
165, 165, 56, 76
170, 167, 57, 74
176, 170, 57, 73
180, 167, 60, 71
189, 172, 59, 71
193, 167, 59, 70
197, 161, 58, 70
203, 162, 57, 71
208, 158, 58, 70
213, 158, 58, 70
216, 154, 58, 69
220, 146, 57, 70
224, 147, 57, 71
226, 141, 58, 70
228, 141, 58, 71
231, 136, 59, 70
234, 137, 59, 72
244, 139, 54, 76
246, 139, 51, 81
247, 136, 48, 84
246, 135, 47, 86
245, 128, 47, 87
241, 126, 46, 88
239, 123, 46, 89
236, 121, 47, 90
232, 118, 47, 92
228, 116, 47, 93
224, 113, 48, 94
221, 113, 49, 94
217, 112, 49, 94
207, 113, 49, 95
197, 114, 49, 96
193, 115, 50, 97
183, 117, 50, 98
181, 119, 50, 99
178, 121, 51, 99
173, 124, 52, 99
165, 128, 52, 98
164, 128, 52, 98
164, 130, 52, 98
163, 134, 52, 97
163, 141, 50, 98
166, 143, 49, 97
167, 145, 49, 96
168, 150, 48, 98
170, 150, 48, 96
171, 155, 48, 96
175, 160, 47, 96
182, 161, 47, 94
184, 165, 47, 92
186, 167, 46, 91
191, 172, 46, 90
192, 170, 47, 89
193, 170, 47, 87
194, 169, 47, 86
193, 168, 46, 86
194, 165, 46, 87
195, 162, 45, 89
195, 155, 46, 90
197, 151, 45, 92
198, 145, 45, 93
198, 139, 46, 94
199, 135, 45, 96
198, 132, 45, 99
198, 123, 44, 100
197, 121, 45, 102
196, 118, 45, 103
195, 110, 47, 103
193, 105, 48, 102
191, 100, 48, 102
190, 101, 48, 103
189, 93, 49, 104
188, 87, 49, 104
184, 87, 50, 106
178, 80, 51, 105
169, 78, 52, 105
167, 74, 53, 107
163, 72, 53, 108
154, 71, 53, 109
151, 70, 52, 109
148, 68, 51, 111
137, 65, 52, 111
133, 65, 53, 111
124, 63, 58, 107
116, 61, 62, 104
109, 58, 65, 102
101, 58, 68, 99
98, 59, 69, 97
93, 61, 71, 94
86, 66, 71, 95
80, 66, 73, 94
74, 73, 72, 95
67, 73, 73, 94
60, 81, 72, 97
60, 78, 72, 96
54, 87, 72, 97
54, 87, 73, 95
55, 97, 73, 95
55, 99, 73, 94
55, 108, 66, 100
60, 107, 67, 100
61, 118, 62, 105
68, 126, 57, 114
72, 129, 54, 117
81, 129, 55, 115
80, 130, 57, 113
82, 139, 58, 112
95, 140, 62, 108
111, 137, 66, 105
123, 135, 68, 104
136, 144, 64, 106
146, 142, 62, 109
156, 141, 61, 110
167, 144, 61, 109
179, 148, 59, 107
189, 150, 59, 105
200, 152, 58, 105
212, 155, 57, 103
220, 156, 57, 105
229, 155, 57, 105
232, 154, 57, 105
240, 160, 57, 103
239, 157, 56, 102
241, 155, 55, 102
239, 161, 55, 101
238, 158, 55, 101
235, 156, 55, 100
226, 156, 54, 101
219, 156, 53, 101
215, 155, 55, 101
207, 154, 55, 101
197, 153, 55, 99
187, 150, 55, 98
180, 152, 55, 97
177, 150, 55, 98
169, 148, 54, 99
162, 149, 54, 99
156, 148, 53, 100
154, 148, 53, 100
151, 147, 53, 100
148, 150, 53, 99
138, 157, 52, 99
137, 158, 51, 98
134, 166, 51, 98
126, 172, 52, 97
128, 176, 53, 97
129, 178, 56, 94
130, 183, 55, 94
135, 191, 58, 91
139, 192, 59, 88
142, 195, 61, 86
148, 199, 62, 84
160, 204, 62, 83
165, 206, 63, 82
164, 199, 63, 81
182, 205, 61, 81
190, 202, 58, 81
197, 196, 60, 79
203, 197, 62, 76
205, 192, 62, 74
213, 194, 62, 73
220, 194, 62, 74
222, 192, 60, 75
225, 188, 60, 75
228, 186, 59, 77
230, 181, 58, 76
240, 179, 54, 79
242, 176, 51, 83
249, 172, 48, 86
248, 170, 47, 89
246, 165, 46, 92
247, 162, 45, 94
247, 159, 45, 95
248, 148, 45, 96
248, 146, 45, 97
247, 143, 46, 98
247, 140, 47, 99
246, 137, 48, 98
245, 132, 48, 95
243, 132, 49, 95
242, 125, 49, 94
239, 123, 49, 94
236, 122, 49, 95
234, 117, 49, 96
230, 116, 50, 97
227, 114, 51, 98
222, 112, 52, 100
219, 112, 52, 100
211, 104, 53, 99
208, 102, 53, 101
204, 103, 52, 101
193, 101, 52, 102
189, 101, 52, 103
185, 100, 52, 104
182, 98, 52, 106
179, 98, 51, 106
175, 98, 51, 107
167, 96, 52, 106
164, 98, 52, 105
161, 101, 53, 105
159, 104, 52, 105
158, 105, 51, 105
154, 108, 52, 104
152, 113, 52, 102
152, 117, 51, 101
151, 122, 51, 100
150, 125, 50, 100
148, 130, 50, 99
148, 134, 49, 97
147, 137, 49, 97
147, 140, 49, 96
147, 143, 48, 95
147, 145, 48, 95
147, 146, 47, 94
148, 147, 47, 94
149, 149, 46, 93
149, 155, 46, 92
149, 155, 46, 91
149, 161, 46, 91
153, 167, 50, 87
150, 172, 52, 84
152, 177, 50, 85
157, 176, 51, 84
160, 180, 53, 82
163, 185, 54, 80
167, 190, 55, 79
171, 193, 56, 79
175, 193, 56, 78
177, 198, 54, 79
180, 200, 52, 80
189, 197, 50, 80
193, 196, 49, 79
197, 194, 48, 79
200, 192, 48, 78
202, 189, 47, 79
209, 182, 47, 78
207, 174, 46, 80
207, 164, 44, 83
207, 155, 44, 84
207, 151, 43, 87
200, 141, 44, 88
200, 132, 45, 88
193, 127, 45, 90
190, 122, 46, 92
187, 117, 46, 93
178, 111, 48, 94
171, 108, 49, 94
168, 108, 50, 93
159, 105, 50, 92
154, 105, 51, 90
144, 104, 51, 89
134, 102, 55, 86
126, 105, 59, 83
119, 106, 63, 81
107, 110, 64, 79
101, 113, 65, 78
96, 118, 65, 77
93, 123, 63, 79
90, 124, 62, 82
87, 129, 62, 83
90, 130, 62, 81
87, 135, 61, 81
90, 136, 61, 79
86, 141, 61, 80
90, 142, 60, 79
86, 148, 60, 79
92, 147, 59, 78
95, 146, 59, 78
93, 152, 59, 78
97, 151, 58, 77
102, 151, 58, 76
105, 156, 58, 76
109, 154, 58, 76
114, 157, 57, 77
120, 158, 58, 78
124, 154, 60, 77
127, 155, 60, 76
132, 156, 60, 75
137, 155, 61, 75
142, 150, 61, 74
144, 150, 62, 74
153, 153, 62, 75
162, 155, 62, 75
166, 155, 62, 76
173, 160, 62, 75
180, 164, 63, 73
190, 163, 62, 74
197, 159, 63, 73
205, 162, 63, 72
209, 163, 62, 72
213, 164, 60, 72
216, 157, 58, 73
222, 158, 58, 72
233, 170, 53, 79
234, 166, 51, 83
235, 170, 49, 86
242, 169, 48, 88
242, 166, 47, 91
241, 162, 46, 94
240, 160, 46, 95
241, 158, 46, 95
249, 150, 47, 94
249, 151, 47, 92
249, 151, 47, 91
242, 149, 47, 91
243, 146, 47, 91
244, 143, 47, 91
243, 142, 47, 91
243, 141, 47, 91
241, 141, 48, 90
241, 140, 48, 90
241, 139, 49, 90
238, 132, 52, 85
235, 132, 54, 82
233, 132, 54, 80
229, 131, 55, 79
222, 130, 56, 78
220, 130, 57, 78
216, 131, 58, 79
212, 129, 58, 81
208, 128, 59, 82
204, 128, 60, 82
202, 125, 61, 84
196, 124, 62, 84
190, 124, 63, 84
184, 124, 64, 84
181, 123, 64, 85
174, 122, 65, 85
170, 123, 65, 85
165, 124, 65, 86
160, 125, 65, 87
154, 124, 66, 88
150, 124, 66, 89
147, 124, 67, 90
143, 124, 68, 90
140, 125, 68, 90
137, 126, 68, 90
134, 127, 68, 90
132, 130, 67, 89
129, 132, 67, 89
127, 133, 66, 89
126, 135, 66, 88
123, 137, 65, 88
120, 137, 65, 88
124, 139, 65, 87
119, 147, 59, 91
122, 151, 55, 94
123, 152, 53, 94
124, 158, 51, 95
125, 163, 50, 94
128, 167, 49, 94
130, 171, 49, 92
134, 175, 53, 88
138, 175, 55, 85
141, 180, 56, 83
147, 179, 57, 81
146, 183, 57, 80
151, 180, 57, 81
157, 182, 57, 81
157, 178, 55, 83
162, 176, 56, 82
166, 173, 54, 84
169, 170, 56, 82
172, 167, 59, 80
174, 160, 60, 79
176, 154, 61, 78
175, 149, 62, 77
181, 150, 61, 77
182, 146, 61, 78
182, 143, 61, 78
182, 141, 60, 79
187, 137, 55, 84
191, 134, 51, 89
190, 131, 49, 93
190, 127, 47, 96
188, 125, 47, 96
185, 120, 47, 98
180, 118, 49, 99
175, 115, 50, 100
165, 116, 51, 99
156, 116, 52, 98
148, 117, 52, 98
143, 119, 53, 99
132, 117, 52, 100
127, 118, 54, 99
123, 119, 55, 99
111, 117, 53, 100
107, 117, 52, 100
100, 116, 51, 100
90, 117, 50, 100
81, 119, 50, 99
79, 117, 50, 100
74, 116, 50, 100
72, 115, 49, 100
68, 114, 49, 99
66, 113, 49, 99
64, 111, 48, 99
64, 109, 48, 98
65, 108, 48, 98
66, 107, 48, 99
72, 104, 48, 100
78, 101, 48, 100
83, 98, 49, 100
89, 98, 51, 98
96, 99, 52, 97
102, 110, 51, 100
111, 99, 52, 100
122, 99, 57, 95
131, 106, 56, 100
143, 105, 55, 103
150, 104, 54, 105
162, 110, 54, 107
176, 108, 55, 108
184, 112, 57, 108
186, 113, 58, 108
191, 116, 58, 106
194, 121, 58, 105
197, 124, 58, 105
198, 127, 58, 104
197, 131, 57, 103
184, 134, 61, 99
180, 135, 64, 96
176, 140, 66, 97
171, 140, 68, 97
162, 138, 68, 98
161, 135, 68, 100
154, 133, 70, 100
149, 131, 70, 101
143, 127, 71, 102
136, 125, 73, 102
127, 124, 75, 103
121, 122, 74, 105
120, 119, 73, 108
119, 117, 68, 114
120, 107, 64, 118
120, 107, 61, 122
121, 97, 60, 124
121, 90, 60, 125
121, 91, 59, 126
121, 83, 59, 126
121, 84, 59, 127
127, 76, 60, 127
124, 76, 60, 129
125, 77, 60, 129
129, 85, 58, 133
132, 81, 57, 136
134, 78, 56, 138
136, 54, 63, 130
137, 54, 69, 125
138, 52, 74, 120
142, 51, 78, 117
146, 52, 81, 112
148, 59, 82, 114
155, 67, 75, 123
166, 68, 72, 129
170, 67, 70, 132
180, 67, 70, 134
184, 67, 70, 135
191, 67, 69, 136
203, 70, 71, 134
206, 71, 70, 133
211, 75, 70, 131
216, 86, 69, 130
218, 87, 68, 131
221, 87, 69, 130
223, 91, 69, 129
224, 96, 69, 128
223, 100, 67, 128
221, 104, 67, 127
219, 106, 67, 126
213, 109, 68, 122
207, 112, 68, 120
201, 112, 69, 116
192, 115, 69, 115
180, 116, 73, 110
170, 124, 75, 109
163, 124, 77, 107
151, 125, 77, 105
147, 127, 78, 103
143, 125, 77, 104
139, 125, 77, 105
134, 127, 78, 104
128, 128, 78, 103
121, 130, 78, 103
117, 130, 77, 103
111, 131, 77, 102
106, 133, 77, 100
101, 133, 78, 99
99, 133, 77, 98
97, 133, 77, 97
94, 139, 76, 97
92, 135, 75, 97
98, 134, 75, 95
96, 134, 74, 94
102, 132, 75, 92
100, 138, 73, 93
107, 136, 73, 92
111, 137, 73, 91
109, 142, 72, 92
115, 140, 71, 92
120, 139, 70, 92
127, 139, 69, 92
129, 140, 69, 91
134, 139, 69, 91
140, 137, 69, 90
144, 135, 70, 90
148, 136, 70, 89
152, 135, 70, 89
156, 135, 70, 88
161, 134, 70, 88
169, 133, 69, 87
176, 133, 68, 86
185, 132, 68, 86
193, 131, 67, 86
197, 130, 67, 86
200, 130, 67, 85
201, 128, 67, 84
203, 127, 66, 85
206, 125, 65, 85
206, 123, 64, 84
206, 122, 63, 85
206, 121, 62, 85
203, 120, 62, 85
206, 117, 62, 86
204, 116, 61, 86
200, 115, 62, 86
198, 114, 63, 87
195, 112, 63, 88
188, 111, 64, 89
184, 112, 64, 89
181, 110, 64, 90
175, 108, 64, 90
168, 109, 66, 89
163, 107, 66, 89
157, 105, 66, 90
151, 104, 66, 91
148, 103, 66, 93
141, 104, 66, 92
137, 104, 65, 92
133, 104, 65, 91
125, 105, 65, 90
122, 105, 65, 89
118, 112, 67, 88
114, 112, 67, 87
106, 113, 68, 86
109, 116, 69, 84
104, 118, 69, 82
101, 124, 69, 82
95, 122, 68, 82
91, 126, 66, 84
89, 131, 64, 85
93, 127, 64, 84
90, 131, 63, 85
89, 137, 62, 85
92, 136, 62, 84
89, 141, 62, 84
89, 144, 62, 83
93, 144, 62, 82
95, 151, 61, 81
99, 150, 61, 81
105, 148, 61, 81
106, 152, 60, 81
114, 149, 61, 80
115, 151, 62, 79
121, 148, 62, 78
126, 149, 63, 78
132, 150, 63, 77
134, 149, 62, 77
142, 150, 62, 76
145, 149, 62, 76
156, 148, 62, 77
160, 148, 62, 76
165, 148, 62, 76
171, 147, 62, 77
177, 147, 61, 77
183, 147, 61, 76
191, 142, 62, 76
202, 147, 62, 75
209, 147, 61, 75
214, 141, 61, 75
218, 143, 61, 75
221, 136, 61, 75
223, 137, 61, 75
226, 137, 61, 75
233, 141, 61, 72
239, 141, 60, 73
247, 142, 59, 73
246, 141, 58, 74
247, 140, 54, 79
248, 138, 52, 83
249, 135, 51, 86
245, 127, 53, 84
236, 123, 56, 80
234, 123, 56, 81
232, 121, 56, 83
231, 118, 57, 84
227, 117, 58, 84
223, 116, 59, 85
218, 115, 59, 87
213, 114, 60, 87
205, 111, 62, 88
198, 112, 64, 88
190, 112, 65, 89
180, 110, 66, 90
174, 109, 66, 89
166, 110, 67, 88
161, 109, 66, 89
155, 107, 66, 91
153, 109, 65, 91
146, 109, 65, 91
140, 110, 64, 90
136, 110, 65, 89
130, 111, 65, 88
126, 120, 65, 87
122, 118, 65, 87
118, 126, 67, 86
115, 124, 67, 86
111, 125, 66, 85
109, 132, 66, 86
111, 133, 65, 85
110, 134, 65, 85
110, 134, 65, 84
110, 137, 65, 83
110, 139, 66, 82
113, 140, 65, 82
115, 141, 65, 81
118, 141, 65, 80
119, 144, 64, 79
121, 142, 64, 79
124, 142, 63, 78
125, 140, 62, 78
127, 141, 62, 77
130, 140, 60, 76
134, 139, 59, 76
136, 139, 59, 76
142, 136, 58, 76
146, 134, 57, 76
151, 132, 57, 76
157, 130, 57, 76
159, 128, 58, 77
163, 124, 58, 78
168, 120, 58, 79
176, 117, 58, 79
180, 111, 58, 80
183, 109, 58, 81
186, 100, 58, 81
189, 97, 58, 81
194, 88, 58, 82
197, 85, 58, 83
200, 78, 57, 83
201, 71, 58, 82
205, 69, 57, 83
208, 63, 58, 84
209, 60, 58, 86
213, 58, 55, 89
215, 53, 55, 93
216, 49, 53, 95
216, 44, 52, 96
216, 40, 52, 94
208, 36, 52, 95
201, 32, 52, 94
200, 30, 56, 90
194, 31, 59, 87
190, 33, 60, 85
182, 34, 61, 84
177, 40, 61, 86
169, 42, 62, 85
163, 48, 62, 87
157, 49, 62, 86
151, 58, 57, 92
148, 61, 55, 96
141, 65, 53, 98
135, 68, 51, 100
133, 73, 51, 101
128, 75, 50, 102
119, 80, 51, 101
117, 84, 51, 100
110, 88, 51, 98
108, 96, 51, 98
100, 101, 52, 95
100, 107, 51, 96
97, 114, 50, 98
94, 117, 49, 97
91, 124, 48, 99
89, 127, 48, 98
87, 135, 48, 98
86, 138, 48, 97
84, 146, 48, 96
83, 149, 48, 95
85, 156, 47, 95
85, 161, 48, 94
87, 163, 48, 92
91, 162, 52, 88
90, 168, 56, 84
98, 169, 58, 82
104, 169, 58, 80
104, 174, 58, 79
117, 172, 60, 78
123, 175, 61, 78
122, 173, 61, 77
129, 177, 61, 77
129, 174, 60, 76
132, 174, 59, 75
142, 175, 55, 77
147, 173, 54, 77
149, 170, 54, 76
159, 173, 51, 79
163, 170, 52, 78
163, 161, 54, 76
164, 155, 56, 75
168, 156, 57, 74
173, 156, 57, 73
170, 153, 56, 74
173, 154, 56, 74
179, 152, 55, 75
181, 153, 55, 73
183, 151, 55, 73
183, 150, 55, 72
182, 149, 55, 72
181, 148, 56, 73
181, 147, 57, 73
179, 145, 57, 74
177, 142, 57, 76
173, 142, 58, 76
170, 140, 57, 78
166, 138, 57, 80
158, 136, 59, 80
150, 134, 60, 81
144, 132, 60, 83
138, 132, 61, 83
131, 131, 60, 84
127, 131, 60, 85
124, 132, 60, 86
120, 132, 61, 86
115, 132, 62, 87
110, 132, 62, 87
105, 133, 63, 87
97, 139, 57, 92
96, 137, 54, 95
86, 138, 52, 96
77, 140, 52, 96
76, 141, 52, 97
76, 141, 51, 98
74, 143, 50, 98
72, 144, 50, 98
70, 147, 49, 97
67, 148, 49, 97
65, 148, 49, 96
65, 150, 49, 95
65, 150, 49, 93
57, 157, 50, 94
59, 157, 50, 93
54, 158, 50, 94
64, 160, 50, 93
71, 160, 48, 93
73, 159, 51, 89
75, 160, 55, 84
74, 165, 56, 83
76, 163, 58, 80
78, 168, 58, 79
84, 168, 59, 77
88, 170, 60, 77
95, 172, 60, 77
95, 170, 60, 76
105, 173, 60, 76
107, 171, 60, 75
118, 168, 60, 75
124, 165, 60, 74
130, 164, 60, 73
134, 157, 61, 72
139, 158, 61, 73
145, 160, 60, 73
152, 161, 61, 73
154, 154, 62, 74
162, 158, 62, 74
170, 160, 62, 75
176, 159, 61, 76
183, 163, 63, 74
193, 166, 62, 74
205, 173, 57, 79
208, 170, 53, 83
216, 168, 55, 81
217, 163, 57, 77
220, 157, 57, 76
225, 160, 56, 75
229, 159, 56, 76
231, 152, 58, 75
236, 152, 58, 75
240, 155, 59, 76
257, 154, 54, 80
260, 149, 51, 84
266, 147, 50, 86
260, 140, 52, 83
263, 137, 51, 85
265, 134, 50, 87
273, 133, 48, 88
273, 133, 47, 89
273, 132, 47, 91
273, 123, 47, 92
272, 122, 46, 93
269, 121, 46, 93
267, 120, 46, 93
264, 118, 47, 94
259, 117, 47, 95
254, 115, 48, 95
251, 113, 49, 95
248, 111, 49, 96
244, 110, 48, 96
239, 109, 49, 97
236, 107, 49, 97
224, 107, 49, 98
219, 108, 50, 98
210, 108, 50, 99
205, 107, 51, 101
191, 110, 52, 101
182, 110, 53, 102
177, 109, 53, 104
163, 111, 54, 104
153, 115, 54, 103
149, 119, 55, 103
139, 124, 55, 103
133, 127, 55, 101
128, 129, 55, 100
122, 129, 60, 96
117, 131, 63, 94
109, 135, 66, 91
103, 145, 60, 94
105, 148, 57, 94
104, 151, 54, 94
104, 158, 51, 94
104, 160, 50, 92
106, 166, 49, 92
112, 166, 53, 87
119, 171, 56, 84
125, 171, 58, 82
130, 175, 60, 81
134, 174, 60, 80
144, 177, 56, 83
155, 174, 54, 84
164, 173, 52, 87
174, 167, 51, 89
182, 164, 55, 86
190, 163, 58, 85
199, 163, 60, 83
209, 157, 62, 80
219, 150, 62, 80
229, 143, 63, 80
237, 149, 65, 77
243, 147, 65, 78
252, 144, 66, 77
254, 139, 67, 76
269, 140, 66, 78
273, 134, 66, 78
282, 129, 66, 78
286, 131, 65, 78
303, 135, 65, 77
312, 142, 64, 77
315, 136, 64, 77
316, 130, 64, 77
322, 133, 65, 75
338, 140, 63, 76
347, 139, 57, 80
350, 136, 54, 82
353, 133, 51, 83
350, 130, 52, 81
351, 129, 52, 78
351, 130, 52, 75
350, 131, 53, 76
347, 129, 54, 75
343, 127, 55, 75
344, 130, 55, 76
341, 128, 56, 76
335, 128, 57, 75
322, 127, 59, 74
314, 128, 60, 74
311, 127, 61, 73
306, 129, 61, 76
298, 134, 57, 83
289, 130, 54, 89
277, 129, 57, 88
264, 130, 61, 87
253, 130, 64, 86
245, 132, 65, 87
240, 132, 66, 89
236, 130, 67, 90
227, 132, 67, 89
220, 130, 66, 91
207, 130, 67, 90
197, 134, 67, 89
189, 133, 68, 89
177, 136, 69, 89
176, 137, 69, 88
164, 139, 69, 89
163, 138, 69, 90
156, 137, 70, 92
153, 138, 71, 93
147, 140, 72, 92
141, 142, 72, 92
138, 143, 71, 92
132, 147, 72, 91
129, 149, 72, 90
126, 153, 72, 88
124, 165, 71, 86
121, 172, 70, 85
124, 179, 70, 83
129, 185, 69, 81
122, 185, 70, 80
121, 195, 68, 79
126, 197, 68, 78
126, 199, 67, 77
135, 212, 65, 77
142, 214, 64, 78
149, 211, 62, 78
152, 213, 62, 77
163, 217, 61, 76
167, 215, 61, 75
177, 215, 60, 74
189, 203, 57, 76
199, 211, 58, 74
210, 205, 60, 72
219, 205, 62, 71
221, 202, 62, 71
227, 200, 61, 72
232, 200, 60, 72
236, 197, 60, 73
242, 194, 59, 73
239, 191, 59, 74
243, 188, 58, 75
252, 187, 58, 75
254, 185, 57, 76
257, 182, 53, 79
258, 177, 50, 83
258, 172, 49, 85
256, 170, 48, 87
254, 168, 48, 89
246, 165, 48, 92
244, 162, 48, 95
240, 158, 50, 98
230, 154, 51, 101
222, 153, 51, 101
216, 149, 51, 101
212, 146, 53, 101
204, 143, 52, 102
195, 140, 53, 102
188, 139, 54, 102
184, 139, 54, 102
175, 140, 55, 101
168, 137, 55, 102
165, 139, 56, 101
155, 138, 57, 101
151, 138, 59, 100
145, 136, 62, 98
140, 139, 64, 95
136, 144, 65, 94
130, 141, 65, 92
127, 146, 65, 92
123, 144, 66, 90
120, 148, 66, 90
118, 146, 66, 89
114, 149, 66, 89
112, 151, 66, 88
111, 148, 67, 87
108, 151, 66, 86
107, 154, 66, 86
106, 153, 65, 85
110, 150, 66, 82
108, 154, 65, 82
103, 161, 64, 81
106, 158, 63, 80
109, 162, 63, 81
110, 158, 63, 80
113, 157, 62, 80
118, 153, 63, 80
115, 155, 64, 81
117, 153, 64, 80
119, 152, 64, 80
121, 152, 64, 79
124, 151, 63, 79
126, 155, 62, 80
132, 153, 61, 80
132, 153, 62, 79
139, 156, 61, 80
138, 153, 61, 80
143, 150, 62, 80
143, 150, 62, 79
150, 149, 63, 79
147, 147, 64, 78
156, 149, 64, 79
159, 148, 65, 80
167, 151, 65, 80
170, 150, 64, 81
170, 146, 65, 81
175, 151, 66, 80
177, 153, 66, 81
183, 152, 66, 81
188, 151, 65, 82
190, 151, 63, 82
193, 152, 63, 81
194, 152, 62, 81
196, 151, 61, 80
198, 149, 60, 80
196, 152, 60, 81
196, 150, 60, 80
197, 149, 61, 79
195, 149, 61, 78
192, 150, 61, 77
190, 150, 61, 77
189, 147, 61, 79
184, 145, 62, 79
180, 146, 63, 79
179, 144, 63, 80
177, 145, 63, 80
173, 143, 62, 82
169, 143, 62, 83
165, 139, 63, 84
162, 139, 63, 85
158, 138, 64, 85
152, 139, 64, 84
148, 140, 65, 83
145, 140, 64, 83
142, 140, 64, 82
140, 139, 63, 82
137, 139, 62, 83
135, 139, 62, 83
133, 139, 62, 83
132, 138, 61, 83
133, 138, 61, 83
131, 137, 61, 82
128, 137, 62, 82
128, 135, 62, 83
129, 135, 63, 82
129, 136, 63, 81
126, 136, 64, 81
126, 135, 64, 81
126, 134, 64, 81
127, 133, 64, 81
127, 134, 64, 81
127, 134, 64, 80
127, 134, 64, 80
128, 134, 64, 81
129, 133, 64, 81
130, 133, 63, 81
131, 133, 63, 81
133, 133, 63, 81
133, 133, 62, 81
135, 132, 61, 81
137, 133, 60, 81
139, 132, 59, 81
141, 133, 59, 80
143, 132, 58, 80
143, 134, 58, 79
145, 133, 58, 78
148, 134, 58, 77
151, 134, 57, 76
153, 133, 57, 76
154, 134, 57, 76
155, 134, 58, 76
158, 134, 58, 76
161, 135, 58, 76
162, 135, 58, 76
166, 135, 58, 77
168, 132, 58, 76
171, 130, 59, 75
180, 134, 57, 77
183, 137, 53, 82
185, 136, 51, 83
186, 140, 48, 85
190, 138, 52, 81
190, 137, 49, 83
192, 136, 47, 84
194, 136, 50, 80
190, 143, 53, 77
191, 139, 50, 80
193, 138, 47, 81
192, 136, 46, 82
189, 142, 50, 78
188, 137, 51, 76
186, 140, 53, 75
188, 137, 49, 78
185, 135, 51, 75
183, 134, 52, 74
181, 135, 53, 74
180, 136, 54, 75
179, 134, 54, 76
179, 132, 55, 78
176, 132, 56, 78
176, 130, 56, 79
176, 130, 57, 79
175, 129, 57, 80
171, 127, 58, 80
171, 127, 58, 80
170, 126, 58, 80
170, 126, 58, 80
168, 126, 59, 80
166, 128, 59, 79
164, 128, 60, 78
162, 129, 60, 77
160, 129, 60, 77
159, 129, 60, 77
156, 129, 60, 77
154, 128, 60, 77
151, 128, 60, 77
150, 127, 59, 77
148, 127, 59, 77
147, 127, 59, 76
146, 126, 58, 76
143, 124, 58, 76
145, 122, 58, 76
143, 120, 58, 76
141, 118, 59, 77
139, 117, 59, 77
137, 115, 59, 77
134, 113, 60, 77
132, 110, 61, 78
132, 108, 61, 78
128, 108, 63, 78
125, 107, 64, 78
122, 106, 66, 78
122, 108, 66, 77
123, 109, 67, 77
122, 115, 67, 77
121, 114, 67, 77
119, 119, 67, 78
115, 123, 60, 85
120, 120, 55, 88
123, 120, 52, 89
125, 127, 50, 91
128, 126, 50, 92
135, 128, 49, 92
138, 129, 48, 92
140, 130, 48, 92
145, 131, 47, 92
148, 132, 47, 91
149, 131, 48, 90
152, 133, 48, 89
156, 134, 47, 89
159, 135, 48, 89
162, 134, 48, 89
165, 135, 48, 90
168, 135, 48, 90
171, 136, 48, 87
180, 141, 47, 87
182, 145, 45, 88
182, 142, 44, 88
177, 138, 48, 84
174, 138, 51, 83
171, 147, 55, 82
171, 148, 57, 81
169, 148, 59, 81
168, 147, 60, 80
168, 146, 60, 80
167, 144, 61, 80
166, 144, 61, 79
165, 143, 61, 79
161, 142, 62, 79
157, 142, 62, 78
157, 143, 62, 78
157, 142, 62, 78
156, 142, 62, 78
155, 140, 62, 78
155, 139, 62, 78
155, 139, 61, 77
153, 139, 62, 77
153, 138, 61, 76
152, 136, 61, 76
150, 136, 61, 75
149, 136, 60, 75
148, 135, 60, 75
148, 135, 60, 75
146, 134, 59, 75
146, 134, 59, 75
145, 135, 59, 75
144, 133, 58, 76
142, 133, 58, 76
142, 132, 58, 77
142, 132, 58, 77
142, 130, 58, 78
140, 131, 59, 77
140, 129, 59, 78
140, 128, 59, 78
140, 127, 59, 78
139, 128, 60, 77
139, 125, 60, 78
139, 125, 60, 77
140, 124, 60, 77
141, 122, 61, 77
141, 121, 61, 77
142, 119, 61, 77
143, 118, 60, 77
143, 117, 60, 77
142, 116, 60, 77
143, 115, 59, 77
143, 113, 59, 78
144, 112, 58, 78
144, 113, 58, 78
144, 113, 58, 78
145, 113, 57, 78
145, 113, 57, 79
146, 114, 56, 79
145, 115, 56, 79
149, 115, 57, 79
151, 116, 57, 78
148, 117, 57, 78
151, 117, 58, 78
153, 124, 54, 82
156, 122, 51, 86
159, 123, 55, 84
160, 130, 53, 88
162, 130, 52, 90
165, 131, 51, 92
172, 133, 51, 93
172, 134, 51, 94
175, 137, 50, 94
177, 139, 50, 94
181, 141, 49, 94
183, 144, 48, 93
185, 146, 48, 93
188, 145, 49, 93
189, 144, 50, 93
190, 145, 51, 93
190, 145, 51, 93
190, 144, 51, 93
189, 144, 51, 93
189, 145, 52, 92
188, 146, 51, 91
186, 148, 52, 90
184, 147, 52, 90
180, 145, 55, 88
174, 145, 59, 86
164, 146, 61, 84
159, 147, 63, 83
155, 148, 64, 82
146, 150, 64, 81
142, 149, 64, 81
138, 151, 65, 81
133, 150, 65, 80
130, 150, 67, 80
127, 149, 68, 80
123, 150, 70, 79
115, 155, 69, 80
111, 156, 68, 82
104, 158, 66, 83
104, 156, 65, 83
101, 155, 65, 82
100, 155, 65, 82
97, 157, 64, 82
95, 154, 65, 81
92, 156, 64, 82
88, 155, 64, 81
86, 153, 63, 81
84, 156, 62, 82
90, 153, 63, 81
86, 151, 63, 80
84, 155, 63, 82
90, 151, 63, 81
89, 147, 63, 81
87, 150, 62, 81
94, 144, 63, 80
98, 143, 63, 79
96, 144, 63, 79
101, 142, 62, 79
103, 140, 62, 78
105, 141, 62, 77
111, 142, 61, 77
113, 141, 61, 77
119, 139, 60, 78
126, 138, 61, 78
131, 139, 61, 78
136, 138, 61, 79
140, 137, 61, 79
145, 136, 61, 78
149, 136, 62, 78
155, 134, 63, 79
158, 133, 63, 79
165, 131, 63, 81
168, 129, 63, 81
171, 128, 63, 82
174, 126, 62, 83
179, 125, 63, 83
181, 124, 62, 83
180, 122, 62, 82
184, 122, 62, 82
183, 121, 62, 83
184, 120, 62, 83
180, 120, 62, 82
179, 120, 62, 83
175, 117, 62, 84
172, 120, 62, 86
168, 120, 63, 86
162, 119, 65, 86
155, 120, 67, 86
149, 119, 68, 86
146, 121, 69, 85
141, 122, 69, 84
136, 124, 69, 83
130, 125, 70, 81
127, 129, 69, 82
122, 129, 70, 81
119, 129, 70, 80
116, 132, 70, 78
112, 134, 69, 78
108, 135, 68, 78
106, 135, 67, 78
103, 135, 66, 78
102, 140, 65, 79
101, 140, 63, 80
101, 141, 63, 80
100, 143, 62, 79
102, 145, 62, 79
106, 143, 62, 76
104, 147, 62, 75
104, 147, 61, 76
106, 146, 62, 74
108, 145, 62, 73
105, 144, 62, 72
110, 142, 62, 72
114, 142, 61, 72
118, 138, 60, 73
124, 135, 59, 73
133, 131, 60, 73
136, 128, 60, 72
142, 125, 59, 72
147, 121, 59, 72
152, 118, 58, 73
156, 113, 58, 73
160, 108, 58, 72
165, 106, 58, 71
172, 101, 59, 71
176, 97, 59, 71
182, 96, 59, 71
190, 92, 59, 72
198, 87, 59, 74
202, 81, 59, 76
205, 77, 59, 76
206, 73, 58, 76
210, 69, 58, 75
211, 67, 58, 73
212, 65, 59, 71
211, 66, 59, 72
211, 63, 59, 71
208, 63, 60, 70
204, 62, 60, 69
201, 64, 60, 70
197, 65, 59, 72
193, 63, 60, 72
186, 64, 59, 74
177, 68, 59, 75
173, 71, 59, 77
166, 69, 61, 76
159, 75, 62, 76
152, 79, 63, 76
145, 84, 65, 76
138, 90, 66, 77
132, 95, 68, 77
118, 95, 69, 77
114, 99, 69, 78
108, 105, 69, 77
100, 110, 69, 77
94, 114, 69, 77
89, 116, 69, 78
83, 122, 70, 78
79, 125, 69, 80
74, 129, 68, 82
70, 133, 66, 84
68, 137, 65, 87
67, 139, 64, 88
66, 142, 63, 88
63, 146, 63, 88
63, 150, 62, 88
63, 149, 62, 86
64, 153, 61, 86
69, 154, 61, 83
68, 152, 60, 82
72, 153, 60, 80
72, 152, 59, 79
75, 150, 59, 78
73, 152, 58, 79
77, 147, 59, 78
75, 144, 59, 78
78, 142, 59, 77
76, 136, 59, 78
79, 134, 59, 77
75, 129, 60, 77
73, 125, 60, 77
75, 122, 60, 76
71, 118, 60, 77
68, 115, 62, 77
66, 112, 64, 76
63, 110, 65, 76
59, 109, 66, 76
56, 114, 66, 77
54, 116, 65, 79
52, 120, 65, 80
52, 124, 62, 84
53, 127, 58, 88
61, 132, 55, 91
61, 136, 54, 92
67, 139, 53, 95
73, 142, 52, 96
73, 146, 52, 96
81, 160, 52, 96
85, 165, 54, 94
95, 171, 57, 91
99, 169, 59, 89
107, 175, 62, 87
115, 178, 63, 87
130, 180, 65, 86
135, 178, 67, 84
140, 176, 68, 83
147, 177, 67, 84
154, 176, 68, 84
168, 171, 68, 84
169, 152, 68, 84
185, 168, 68, 85
189, 165, 68, 86
198, 158, 67, 87
203, 154, 66, 87
211, 152, 67, 85
214, 149, 67, 85
221, 146, 66, 85
227, 140, 66, 85
229, 136, 66, 85
237, 133, 67, 85
237, 130, 67, 85
241, 127, 68, 85
242, 121, 67, 87
242, 117, 68, 87
243, 110, 69, 89
241, 105, 69, 89
239, 101, 70, 89
238, 97, 71, 89
236, 93, 71, 91
229, 87, 73, 92
224, 81, 74, 93
214, 76, 75, 93
205, 70, 76, 94
197, 65, 77, 95
186, 60, 78, 97
174, 55, 78, 99
166, 59, 77, 102
157, 52, 80, 102
144, 56, 81, 105
137, 50, 82, 105
128, 54, 83, 106
121, 59, 84, 108
114, 54, 87, 107
119, 43, 89, 104
113, 45, 90, 103
106, 46, 91, 102
99, 46, 92, 103
55, 6, 92, 105
52, 6, 94, 103
52, 7, 96, 103
52, 9, 97, 103
51, 10, 97, 104
50, 11, 97, 104
50, 15, 95, 108
49, 13, 95, 109
50, 15, 95, 109
48, 17, 95, 110
50, 17, 95, 112
50, 19, 95, 113
51, 21, 94, 114
51, 24, 94, 115
52, 24, 93, 116
52, 26, 93, 116
54, 29, 93, 117
54, 29, 93, 118
53, 31, 93, 117
55, 33, 92, 117
53, 33, 92, 117
56, 34, 91, 117
55, 35, 91, 116
55, 35, 90, 116
57, 35, 90, 116
58, 36, 89, 115
58, 35, 89, 115
57, 34, 88, 115
56, 34, 88, 115
56, 33, 88, 115
57, 32, 87, 115
57, 30, 86, 116
57, 28, 86, 116
57, 28, 86, 116
56, 28, 86, 116
56, 26, 86, 116
56, 25, 86, 116
55, 26, 86, 116
54, 25, 86, 115
54, 25, 87, 114
52, 24, 87, 114
51, 25, 87, 113
50, 25, 87, 113
49, 25, 87, 113
47, 25, 87, 113
45, 25, 88, 113
43, 23, 88, 114
43, 24, 88, 113
41, 24, 89, 113
39, 24, 90, 113
31, 24, 90, 111
26, 24, 89, 111
29, 25, 89, 111
23, 26, 88, 111
23, 26, 88, 112
18, 27, 87, 113
15, 27, 86, 113
12, 27, 85, 113
10, 27, 85, 114
7, 27, 84, 115
2, 28, 85, 116
0, 27, 86, 118
-3, 28, 86, 120
-7, 27, 88, 119
-7, 32, 84, 120
-5, 35, 79, 123
-5, 34, 75, 124
-3, 31, 73, 125
-3, 39, 69, 126
-4, 38, 66, 125
-2, 32, 64, 126
-1, 40, 59, 129
0, 34, 59, 129
0, 36, 57, 132
0, 37, 55, 131
1, 31, 55, 130
1, 38, 53, 131
1, 32, 54, 129
2, 35, 55, 127
4, 36, 55, 126
4, 37, 56, 125
2, 34, 57, 124
4, 28, 60, 121
4, 29, 63, 120
2, 25, 68, 116
2, 29, 72, 114
5, 29, 74, 115
10, 30, 75, 115
14, 28, 77, 116
16, 28, 79, 116
18, 29, 81, 115
21, 30, 83, 114
23, 32, 84, 115
27, 33, 84, 115
31, 31, 85, 116
33, 34, 87, 115
41, 34, 88, 117
45, 36, 89, 119
47, 36, 90, 120
48, 36, 90, 121
51, 35, 91, 122
52, 36, 91, 123
54, 35, 91, 124
55, 33, 90, 124
57, 34, 91, 123
58, 32, 92, 121
59, 34, 92, 120
60, 31, 92, 119
61, 33, 92, 118
61, 31, 93, 117
59, 34, 93, 117
58, 34, 93, 117
56, 30, 94, 116
55, 33, 93, 116
54, 33, 93, 117
52, 32, 93, 118
50, 31, 94, 119
44, 29, 95, 117
38, 32, 95, 118
39, 31, 95, 119
26, 27, 96, 118
20, 31, 95, 118
18, 31, 93, 119
16, 30, 92, 121
13, 30, 90, 121
12, 29, 89, 122
9, 30, 88, 122
8, 28, 87, 123
2, 26, 87, 125
0, 26, 86, 124
-4, 25, 88, 122
-7, 26, 90, 120
-8, 26, 91, 119
-8, 31, 87, 120
-9, 33, 84, 121
-7, 31, 82, 122
-5, 30, 79, 122
-5, 33, 77, 123
-3, 34, 74, 124
-3, 41, 69, 127
0, 31, 67, 127
-1, 37, 64, 129
0, 30, 63, 128
0, 33, 63, 127
0, 29, 63, 127
-1, 36, 62, 125
2, 31, 62, 125
0, 28, 63, 124
1, 24, 65, 121
4, 26, 67, 120
0, 23, 71, 116
0, 26, 74, 115
2, 26, 75, 115
3, 27, 77, 115
6, 26, 78, 116
8, 27, 79, 116
11, 27, 79, 117
14, 26, 79, 118
14, 26, 80, 119
16, 26, 81, 119
18, 27, 81, 119
21, 26, 81, 119
18, 26, 82, 118
22, 25, 82, 118
24, 25, 82, 118
25, 26, 83, 118
26, 26, 84, 118
24, 27, 84, 117
27, 26, 84, 117
28, 27, 85, 116
29, 26, 85, 116
24, 27, 85, 115
26, 27, 86, 115
27, 28, 86, 116
22, 27, 86, 116
25, 27, 86, 116
21, 29, 86, 116
19, 28, 85, 116
20, 27, 86, 118
15, 29, 86, 117
14, 29, 85, 118
13, 29, 84, 119
11, 29, 84, 119
8, 29, 84, 119
7, 29, 83, 120
4, 29, 83, 120
1, 30, 83, 121
-2, 28, 85, 119
-6, 30, 86, 120
-6, 34, 83, 121
-6, 36, 80, 121
-5, 33, 79, 122
-5, 35, 76, 123
-4, 36, 74, 124
-5, 35, 72, 124
-3, 36, 69, 124
-3, 38, 66, 124
-2, 40, 63, 125
-3, 37, 61, 125
-2, 42, 58, 129
-1, 40, 56, 130
-1, 39, 54, 131
-1, 40, 53, 131
0, 40, 52, 132
0, 39, 51, 132
0, 38, 51, 132
-1, 37, 50, 133
-1, 37, 50, 132
0, 37, 49, 132
0, 37, 50, 132
1, 36, 50, 131
0, 33, 51, 129
1, 38, 52, 130
1, 34, 53, 127
2, 37, 54, 126
3, 35, 55, 124
4, 38, 57, 123
4, 37, 59, 123
3, 27, 62, 121
2, 28, 66, 119
2, 28, 70, 119
2, 27, 73, 118
2, 28, 76, 118
4, 28, 78, 118
7, 28, 79, 118
9, 28, 80, 119
11, 27, 81, 119
12, 28, 83, 118
14, 30, 84, 117
18, 30, 84, 116
18, 31, 85, 116
20, 33, 85, 115
21, 34, 86, 115
24, 34, 86, 115
26, 33, 86, 115
29, 35, 87, 114
32, 34, 87, 114
33, 36, 88, 114
35, 36, 89, 114
38, 37, 90, 115
37, 37, 91, 115
38, 37, 91, 116
38, 36, 91, 116
37, 36, 91, 116
35, 37, 92, 116
34, 36, 92, 117
26, 36, 92, 116
28, 36, 92, 117
23, 36, 91, 117
23, 35, 91, 118
19, 35, 90, 118
15, 36, 89, 118
16, 35, 89, 121
12, 33, 89, 121
9, 32, 88, 120
7, 31, 87, 120
4, 32, 88, 121
2, 34, 87, 121
0, 33, 86, 122
0, 34, 85, 122
-5, 35, 87, 119
-6, 36, 88, 117
-8, 36, 88, 116
-8, 39, 86, 117
-8, 43, 82, 118
-7, 45, 78, 119
-6, 44, 73, 120
-5, 42, 71, 121
-4, 41, 68, 121
-3, 46, 66, 122
-3, 47, 61, 124
-2, 43, 60, 125
-2, 46, 56, 125
0, 48, 54, 130
0, 43, 54, 128
0, 45, 52, 128
0, 42, 53, 126
1, 47, 53, 128
0, 42, 54, 126
0, 48, 52, 126
0, 42, 54, 125
2, 44, 54, 124
4, 45, 55, 123
1, 41, 55, 122
4, 44, 57, 121
3, 33, 59, 120
2, 31, 65, 115
1, 35, 69, 113
2, 35, 72, 112
4, 35, 74, 113
6, 35, 76, 114
9, 34, 77, 115
11, 34, 78, 115
14, 34, 80, 115
17, 34, 80, 115
18, 34, 82, 115
21, 33, 83, 115
23, 33, 84, 114
26, 34, 85, 113
32, 34, 86, 113
36, 34, 88, 114
36, 35, 88, 115
41, 34, 89, 117
42, 35, 89, 117
44, 35, 88, 118
47, 35, 87, 118
48, 33, 87, 119
48, 33, 87, 119
46, 33, 88, 119
46, 33, 88, 118
45, 33, 88, 118
44, 34, 89, 118
40, 33, 92, 115
38, 36, 92, 115
35, 32, 94, 113
31, 34, 95, 114
22, 34, 95, 115
17, 34, 94, 115
14, 36, 93, 115
13, 33, 95, 113
9, 34, 94, 113
6, 35, 93, 113
4, 35, 91, 113
3, 34, 90, 114
1, 36, 88, 115
0, 34, 87, 117
-6, 33, 88, 116
-6, 38, 85, 118
-4, 34, 85, 117
-7, 33, 85, 116
-8, 40, 82, 118
-6, 37, 79, 118
-6, 38, 78, 120
-5, 39, 76, 121
-4, 41, 73, 121
-4, 40, 71, 121
-3, 36, 70, 122
-3, 39, 68, 121
0, 37, 67, 121
-3, 44, 66, 121
0, 34, 66, 120
-1, 29, 68, 118
0, 31, 70, 117
0, 31, 71, 116
1, 32, 73, 115
2, 32, 75, 114
6, 34, 76, 113
9, 34, 77, 113
10, 34, 78, 113
12, 34, 79, 113
16, 34, 79, 112
16, 34, 80, 111
18, 35, 81, 109
20, 34, 82, 107
22, 31, 83, 105
28, 31, 85, 103
31, 31, 86, 102
33, 33, 88, 101
32, 33, 90, 99
32, 33, 91, 98
37, 35, 91, 97
35, 35, 92, 97
36, 36, 92, 97
39, 38, 93, 97
44, 37, 93, 98
41, 36, 93, 100
40, 37, 92, 101
40, 36, 92, 103
41, 36, 92, 105
39, 39, 92, 107
40, 38, 91, 109
40, 36, 91, 110
41, 34, 91, 110
40, 34, 91, 110
41, 34, 91, 110
40, 34, 91, 110
42, 35, 91, 111
42, 35, 90, 111
42, 33, 90, 112
43, 34, 90, 112
44, 33, 89, 113
44, 33, 89, 113
43, 33, 89, 113
43, 33, 89, 113
44, 34, 89, 113
44, 33, 89, 114
44, 31, 89, 114
44, 32, 89, 114
44, 32, 89, 114
43, 32, 89, 115
42, 32, 90, 115
44, 32, 89, 115
44, 31, 89, 115
44, 31, 89, 115
45, 30, 89, 115
44, 30, 89, 115
43, 30, 89, 114
44, 30, 89, 114
43, 30, 89, 114
44, 30, 89, 114
44, 29, 89, 114
42, 30, 90, 114
42, 30, 90, 114
42, 29, 90, 114
43, 28, 90, 115
42, 26, 90, 115
43, 26, 91, 115
42, 25, 91, 114
41, 25, 91, 114
41, 23, 91, 114
39, 22, 92, 114
39, 21, 92, 115
38, 20, 93, 115
37, 18, 93, 116
32, 17, 93, 115
35, 16, 93, 115
31, 16, 93, 115
33, 13, 94, 116
30, 13, 93, 115
32, 11, 94, 117
32, 12, 95, 118
29, 11, 94, 119
29, 9, 93, 119
30, 8, 94, 121
29, 7, 93, 121
27, 6, 93, 121
29, 4, 93, 122
27, 5, 93, 122
25, 3, 92, 123
26, 3, 93, 124
25, 3, 93, 124
24, 4, 94, 124
22, 3, 94, 125
23, 3, 94, 126
22, 4, 94, 125
22, 5, 94, 125
22, 7, 94, 125
23, 7, 95, 126
22, 9, 94, 125
20, 10, 94, 125
23, 11, 94, 125
21, 13, 94, 123
21, 15, 95, 124
20, 17, 94, 122
19, 19, 93, 122
20, 21, 94, 122
20, 23, 93, 121
18, 25, 93, 120
17, 27, 93, 120
15, 29, 92, 119
19, 29, 92, 120
16, 30, 92, 119
14, 31, 91, 118
17, 33, 92, 118
17, 34, 91, 118
22, 35, 91, 119
15, 35, 90, 120
17, 34, 90, 121
18, 32, 90, 122
17, 32, 91, 122
13, 32, 90, 122
14, 33, 91, 122
10, 30, 90, 122
9, 32, 91, 122
8, 32, 91, 123
7, 32, 91, 123
3, 30, 92, 124
2, 30, 92, 124
-1, 29, 93, 125
-2, 28, 93, 126
-6, 29, 93, 126
-4, 28, 91, 126
-6, 27, 91, 126
-8, 27, 89, 126
-8, 30, 86, 125
-8, 29, 82, 125
-7, 30, 78, 127
-7, 28, 75, 127
-6, 30, 72, 128
-9, 33, 67, 131
-6, 29, 62, 134
-3, 29, 58, 136
-2, 30, 55, 137
-1, 30, 52, 138
0, 30, 51, 138
0, 31, 50, 137
0, 31, 49, 136
0, 32, 48, 135
1, 32, 47, 134
1, 33, 47, 133
1, 34, 47, 133
0, 36, 47, 132
0, 37, 46, 131
0, 38, 46, 131
0, 39, 46, 130
0, 41, 46, 130
0, 43, 45, 129
0, 45, 45, 129
0, 47, 45, 128
1, 48, 44, 128
2, 48, 44, 128
1, 49, 44, 127
2, 49, 44, 127
2, 47, 44, 127
1, 39, 44, 126
1, 41, 43, 126
1, 43, 43, 125
1, 43, 42, 125
0, 43, 42, 123
2, 42, 41, 122
2, 43, 40, 120
3, 45, 39, 119
2, 43, 39, 119
1, 42, 39, 119
1, 41, 40, 121
1, 42, 40, 125
3, 39, 41, 126
4, 38, 43, 127
5, 35, 45, 128
4, 33, 48, 127
6, 34, 50, 125
8, 35, 52, 125
7, 24, 55, 123
4, 21, 63, 117
5, 23, 68, 112
6, 25, 74, 111
9, 26, 78, 111
13, 25, 79, 111
15, 24, 81, 112
19, 23, 82, 113
21, 21, 83, 114
23, 21, 84, 114
27, 21, 85, 115
29, 22, 86, 115
31, 21, 88, 116
34, 20, 89, 118
36, 20, 90, 118
38, 19, 91, 119
43, 19, 91, 121
42, 20, 92, 121
43, 20, 92, 122
45, 19, 94, 119
46, 19, 93, 120
47, 20, 92, 120
49, 20, 92, 121
52, 19, 91, 121
53, 18, 91, 121
54, 18, 91, 120
54, 17, 91, 120
55, 18, 91, 119
55, 18, 91, 119
55, 18, 91, 118
54, 18, 91, 118
54, 18, 91, 118
52, 19, 91, 118
51, 20, 91, 118
50, 19, 91, 120
47, 19, 91, 121
44, 18, 92, 122
39, 16, 94, 120
35, 19, 95, 120
28, 18, 95, 121
23, 18, 94, 122
20, 19, 94, 122
17, 20, 92, 123
14, 18, 91, 124
12, 17, 91, 124
7, 17, 90, 125
4, 16, 90, 125
0, 17, 90, 127
-4, 18, 91, 128
-8, 16, 91, 126
-6, 21, 89, 127
-7, 21, 87, 127
-7, 20, 84, 128
-8, 19, 82, 128
-6, 22, 78, 128
-6, 26, 73, 130
-6, 21, 70, 131
-4, 25, 67, 131
-4, 22, 63, 133
-4, 22, 60, 135
-3, 23, 58, 135
-2, 22, 55, 136
-1, 22, 53, 136
-1, 23, 52, 137
-1, 22, 51, 138
-1, 21, 50, 138
-2, 22, 50, 137
0, 22, 49, 137
0, 21, 49, 136
0, 21, 49, 136
0, 20, 50, 135
1, 20, 50, 135
2, 23, 50, 135
2, 19, 52, 134
4, 21, 52, 135
4, 17, 54, 133
5, 18, 56, 131
7, 17, 57, 131
9, 18, 57, 131
65, 48, 67, 122
87, 55, 72, 113
89, 51, 77, 107
92, 47, 81, 101
95, 48, 82, 100
102, 46, 81, 100
114, 39, 82, 97
118, 40, 82, 96
126, 39, 82, 97
137, 34, 80, 99
152, 41, 74, 106
166, 37, 69, 112
179, 33, 67, 115
193, 30, 66, 117
207, 26, 65, 120
219, 23, 65, 122
224, 20, 64, 123
240, 18, 64, 125
248, 17, 63, 126
255, 17, 63, 127
260, 12, 69, 122
260, 12, 73, 117
261, 19, 75, 115
257, 17, 77, 111
251, 23, 78, 111
246, 28, 78, 113
234, 28, 81, 109
223, 34, 80, 111
211, 33, 82, 108
198, 35, 84, 106
184, 38, 86, 103
170, 44, 86, 104
158, 51, 85, 106
147, 62, 79, 114
137, 90, 72, 126
125, 74, 68, 133
121, 73, 67, 135
123, 52, 72, 130
112, 66, 77, 126
98, 90, 74, 127
99, 100, 71, 129
100, 109, 69, 130
103, 117, 67, 131
105, 125, 66, 131
108, 125, 65, 129
112, 133, 64, 128
121, 136, 65, 127
124, 147, 64, 127
128, 147, 65, 124
132, 149, 69, 118
136, 150, 74, 113
143, 151, 78, 110
150, 160, 81, 107
164, 151, 76, 112
176, 145, 73, 115
185, 143, 70, 117
195, 139, 68, 120
205, 136, 66, 121
206, 131, 65, 123
214, 120, 65, 123
216, 117, 65, 124
218, 107, 64, 123
220, 106, 63, 125
219, 104, 62, 126
217, 103, 62, 126
214, 100, 61, 128
208, 89, 62, 130
197, 79, 64, 129
189, 82, 65, 128
181, 86, 64, 129
178, 86, 64, 131
174, 87, 64, 133
170, 88, 65, 133
166, 89, 65, 133
164, 90, 66, 133
161, 101, 66, 135
161, 100, 67, 135
161, 108, 67, 136
162, 117, 67, 137
171, 115, 68, 137
172, 124, 69, 136
182, 134, 69, 136
182, 141, 69, 136
194, 139, 69, 134
196, 149, 68, 133
209, 146, 67, 130
211, 155, 66, 129
217, 151, 64, 128
221, 158, 64, 126
231, 153, 64, 127
231, 158, 65, 126
232, 161, 65, 125
243, 154, 64, 127
251, 147, 64, 128
255, 136, 65, 128
256, 133, 66, 130
257, 136, 65, 132
259, 120, 67, 134
258, 116, 68, 136
258, 114, 69, 138
256, 110, 70, 140
256, 116, 69, 142
253, 108, 69, 145
251, 102, 69, 148
248, 106, 68, 150
242, 99, 68, 155
236, 92, 68, 158
230, 88, 69, 161
218, 84, 69, 163
213, 81, 70, 163
204, 49, 79, 155
192, 46, 87, 147
176, 56, 93, 143
171, 48, 95, 142
162, 40, 98, 142
156, 32, 99, 141
149, 26, 101, 138
143, 34, 100, 138
137, 28, 100, 139
130, 19, 102, 139
120, 12, 105, 137
114, 18, 105, 139
110, 8, 105, 138
106, 10, 105, 140
108, 5, 105, 137
102, 9, 105, 137
98, 13, 104, 138
101, -1, 106, 134
96, 22, 107, 134
101, 30, 106, 135
95, 37, 106, 137
103, 46, 106, 137
109, 55, 105, 139
113, 52, 105, 137
117, 66, 105, 137
119, 76, 98, 144
134, 87, 93, 147
145, 86, 90, 150
147, 97, 87, 150
160, 106, 84, 150
162, 116, 83, 149
173, 116, 82, 147
183, 129, 80, 145
188, 126, 79, 144
203, 135, 77, 143
208, 133, 75, 142
219, 135, 80, 136
222, 144, 80, 135
233, 141, 80, 135
240, 143, 85, 132
248, 141, 88, 131
260, 138, 90, 128
270, 133, 91, 128
276, 131, 92, 127
287, 124, 86, 133
285, 118, 88, 132
287, 116, 84, 134
290, 113, 80, 137
290, 108, 78, 141
283, 88, 82, 137
279, 81, 85, 133
274, 75, 88, 130
270, 73, 91, 128
265, 69, 93, 127
257, 63, 95, 127
254, 57, 96, 127
250, 51, 97, 129
240, 46, 98, 131
230, 39, 98, 132
223, 32, 100, 133
213, 23, 101, 134
202, 12, 103, 134
195, 16, 103, 135
183, 8, 105, 134
173, -4, 108, 130
163, -3, 110, 128
150, -4, 112, 126
139, 0, 114, 124
126, 2, 116, 123
116, 5, 116, 122
108, 7, 116, 122
104, -2, 118, 122
90, 3, 119, 121
84, 6, 119, 121
78, 6, 120, 121
73, 7, 120, 121
62, 6, 120, 121
62, 8, 120, 121
52, 6, 120, 121
54, 4, 120, 120
57, 2, 120, 120
60, 1, 120, 120
51, -1, 120, 120
55, -3, 120, 120
61, -5, 120, 120
67, -7, 120, 120
59, -8, 120, 120
-2, -2, 118, 119
-3, -1, 115, 120
-12, 1, 110, 121
1, -4, 108, 121
3, -3, 106, 120
-7, -2, 101, 122
5, -1, 100, 121
17, -1, 100, 120
16, -2, 101, 119
14, -2, 100, 118
-7, 4, 95, 121
-5, -1, 94, 121
5, -4, 94, 121
3, -4, 95, 119
13, -4, 95, 118
8, -3, 96, 117
18, -4, 96, 117
57, -2, 97, 116
15, 0, 98, 116
18, 1, 99, 116
20, 1, 100, 116
26, 2, 101, 117
47, -1, 102, 117
46, -1, 103, 117
55, -2, 104, 117
53, -1, 104, 118
65, -2, 105, 118
64, -1, 105, 118
72, -2, 105, 118
70, -1, 105, 119
71, -2, 105, 121
72, -2, 104, 122
76, -3, 103, 123
76, -5, 103, 124
77, -5, 102, 124
77, -5, 101, 124
78, -5, 101, 124
79, -6, 101, 124
79, -5, 100, 124
79, -5, 99, 124
79, -4, 99, 123
78, -3, 98, 123
77, -4, 98, 123
76, -3, 98, 122
77, -2, 97, 122
76, -4, 97, 122
75, -4, 97, 122
73, -3, 96, 122
72, -3, 96, 123
76, -3, 96, 123
71, -2, 96, 123
68, -5, 96, 124
66, -4, 96, 124
64, -3, 96, 124
61, -4, 96, 125
65, -4, 96, 125
61, -3, 96, 125
60, -5, 96, 125
65, -5, 96, 125
61, -6, 96, 125
63, -6, 97, 124
58, -6, 97, 123
57, -5, 97, 122
55, -4, 97, 121
55, -4, 97, 121
55, -9, 98, 119
54, -5, 98, 118
55, -4, 97, 118
56, -5, 97, 118
57, -5, 96, 118
57, -4, 96, 119
60, -3, 95, 119
61, -4, 95, 120
61, -4, 94, 120
63, -4, 94, 120
64, -4, 94, 120
65, -3, 94, 121
67, -3, 94, 121
68, -4, 94, 122
72, -6, 95, 120
74, -2, 95, 120
75, -3, 95, 122
77, -4, 94, 122
78, -4, 94, 123
82, -5, 94, 124
84, -4, 94, 125
87, -6, 94, 126
89, -5, 95, 127
91, -5, 95, 128
91, -4, 96, 129
93, -5, 96, 129
94, -5, 96, 130
96, -4, 97, 130
98, -4, 97, 131
99, -4, 97, 131
98, -2, 98, 131
98, -2, 98, 131
98, -1, 98, 131
99, -1, 98, 130
99, -1, 98, 130
99, 0, 98, 130
99, 0, 97, 129
101, 0, 96, 129
101, 0, 95, 128
102, 0, 95, 129
101, 1, 94, 128
103, 0, 94, 128
102, 2, 93, 127
104, 2, 93, 127
102, 2, 92, 126
104, 1, 93, 127
103, 2, 91, 127
104, 0, 92, 128
105, -1, 92, 129
103, -1, 92, 129
104, -3, 92, 129
101, -3, 92, 129
101, -4, 92, 129
96, -4, 92, 128
96, -4, 93, 129
91, -3, 93, 128
87, -4, 92, 128
87, -4, 93, 128
84, -8, 96, 126
80, -4, 95, 125
79, -4, 95, 126
76, -8, 96, 124
72, -3, 97, 124
70, -3, 96, 125
67, -2, 97, 125
69, -1, 96, 125
64, -5, 97, 123
65, -1, 97, 123
