21
33
35
34
34
35
35
33
36
24
26
23
20
16
24
25
24
25
26
29
27
28
27
31
33
24
29
28
27
26
27
30
31
31
35
35
35
29
35
34
35
34
35
32
32
31
30
33
35
36
31
36
34
29
34
30
30
36
33
35
35
33
37
35
29
34
34
34
36
33
32
29
28
31
30
33
31
32
36
34
21
25
28
29
32
34
31
34
28
35
29
28
26
30
23
21
29
30
30
32
35
30
30
30
34
32
33
35
33
33
31
32
35
35
32
35
35
34
34
36
35
33
32
35
35
32
36
33
31
32
31
32
33
31
34
32
29
33
31
30
36
34
35
35
32
35
32
31
30
33
35
36
33
34
35
35
34
35
33
30
20
24
26
32
35
35
32
29
35
33
33
30
31
31
34
33
37
33
35
33
26
30
33
36
31
29
32
31
35
33
34
36
35
38
36
35
36
34
31
33
34
29
29
35
28
34
35
33
33
34
36
35
30
31
33
33
34
34
29
30
34
29
33
33
36
34
35
37
33
29
31
35
35
33
33
33
36
35
20
26
30
35
32
32
35
36
33
33
33
27
30
27
21
18
32
29
29
33
30
33
32
34
33
35
30
35
34
33
29
35
33
34
31
32
32
34
32
32
28
32
34
33
36
31
35
32
32
30
35
35
34
33
36
33
34
34
31
31
33
31
34
36
36
33
29
34
32
29
32
30
35
33
35
35
32
30
30
30
32
30
23
24
29
29
31
34
32
36
35
27
29
27
22
19
27
34
34
34
36
36
30
32
36
34
33
35
35
33
31
35
32
27
30
30
33
34
30
32
35
33
33
37
35
35
