21
30
35
29
34
30
32
30
25
24
24
25
26
26
25
26
23
27
25
26
25
26
26
23
27
29
27
26
30
22
19
30
29
34
32
33
33
30
34
34
28
29
31
29
17
32
32
27
28
29
31
33
30
32
33
33
34
31
32
33
32
34
34
36
34
37
36
34
36
34
33
35
35
30
28
31
29
31
29
33
32
31
35
30
32
34
31
34
33
33
33
32
36
37
34
34
30
28
31
29
32
31
30
31
35
33
34
33
33
35
34
34
28
18
33
35
33
31
30
33
26
25
30
23
20
32
36
33
35
32
36
29
33
33
31
30
35
35
35
28
33
31
30
32
27
34
30
32
35
35
26
30
35
33
34
34
35
34
33
33
27
32
33
31
30
35
33
34
29
29
32
33
36
34
33
26
31
34
32
35
31
36
33
33
34
21
23
30
35
35
34
34
36
34
36
34
28
31
27
20
22
31
35
33
31
29
27
33
32
35
31
29
32
34
34
34
35
34
35
37
35
31
33
34
34
33
35
31
34
35
36
34
34
34
31
28
33
33
29
33
29
33
29
36
35
31
35
35
35
31
34
34
35
36
34
34
34
37
31
30
30
34
35
34
25
19
30
29
34
33
33
33
32
34
33
34
29
32
29
20
23
31
27
28
27
34
30
32
34
32
34
32
34
35
32
35
34
35
34
33
34
34
33
30
31
29
30
29
27
33
35
35
32
36
36
35
35
30
34
34
35
33
32
35
34
29
34
34
33
34
30
36
31
31
29
32
33
30
33
35
35
27
29
34
32
36
23
22
27
27
27
30
34
34
31
33
32
26
28
29
21
22
30
31
33
36
33
35
37
35
34
34
35
33
28
31
32
32
35
34
33
34
30
33
34
35
35
34
33
34
33
35
28
32
33
32
31
33
33
34
32
34
36
33
33
34
34
26
34
35
33
