20
31
34
33
32
31
31
34
30
25
26
25
26
25
26
25
25
24
24
26
29
24
27
25
24
23
31
30
31
34
30
27
30
31
28
33
33
32
33
33
32
33
26
17
16
27
29
29
32
31
31
31
31
27
25
27
28
18
18
29
28
31
32
31
32
27
32
31
31
31
31
29
29
26
31
31
32
35
34
31
32
32
31
34
34
33
32
33
34
29
32
31
26
27
30
29
28
31
33
32
34
33
31
33
32
34
32
33
30
34
33
33
28
28
31
33
28
27
30
33
33
33
30
32
32
32
30
19
17
29
26
28
29
33
31
33
30
27
28
27
17
18
25
33
33
30
30
33
33
33
30
32
33
32
32
34
34
32
34
32
28
34
30
30
31
31
32
32
32
33
34
32
34
33
33
32
34
35
29
31
32
29
35
35
34
34
34
33
31
32
32
37
33
34
37
33
30
21
23
28
29
29
21
28
34
33
29
28
31
24
17
31
34
32
31
28
28
29
33
35
30
33
32
35
34
34
31
34
35
33
36
32
34
32
30
32
28
30
31
35
34
36
36
35
36
34
35
31
35
33
30
32
34
29
32
32
32
31
32
34
35
32
35
34
35
32
34
32
31
34
35
33
34
32
27
26
19
18
28
34
33
32
34
31
34
30
29
29
29
25
16
27
27
26
30
34
33
33
34
31
35
34
33
35
34
35
35
34
33
32
31
32
30
34
34
35
33
34
35
35
32
31
33
32
34
31
36
33
32
31
30
31
31
36
35
35
34
33
32
33
34
33
30
35
33
29
28
22
28
32
29
33
35
32
20
17
32
34
30
34
32
33
28
28
25
19
26
26
33
33
34
34
36
34
33
33
34
35
34
32
36
35
33
31
31
35
33
35
33
35
33
32
32
30
31
32
31
36
30
33
31
33
32
32
32
33
33
35
32
36
31
32
33
31
29
34
33
31
34
33
30
30
31
32
30
36
35
34
34
29
34
33
20
18
31
27
28
30
30
32
29
29
34
30
30
30
20
16
29
32
25
30
33
32
33
34
32
29
28
29
30
28
31
33
34
35
34
35
34
31
34
31
32
32
31
36
33
32
29
28
29
31
35
32
34
32
29
32
32
32
34
36
32
35
32
34
32
29
34
34
34
33
34
35
33
34
34
31
36
32
35
27
30
18
17
28
30
30
29
29
32
31
36
32
29
29
31
19
18
28
31
33
32
32
29
29
33
32
36
34
31
36
32
34
35
34
30
37
34
32
31
36
32
34
35
29
32
34
35
34
31
33
32
30
35
32
35
33
35
32
31
31
30
29
32
31
34
32
32
32
33
31
29
36
35
28
35
34
33
33
32
32
24
19
25
26
30
32
32
37
33
27
30
29
24
19
24
27
28
30
32
32
36
33
34
32
35
31
29
35
31
33
30
33
34
34
35
30
27
30
29
33
34
32
32
34
33
32
37
32
34
33
34
35
30
32
34
32
35
30
35
33
31
35
34
33
32
30
32
31
34
34
35
35
36
33
33
30
28
29
29
20
18
28
30
33
30
33
34
32
32
35
28
28
28
19
15
27
30
33
33
33
32
34
32
35
34
31
32
34
33
27
33
32
30
31
32
32
32
36
35
35
33
32
34
31
35
34
34
33
32
32
30
34
34
32
31
27
30
30
33
32
33
33
32
35
34
32
32
33
35
33
30
33
29
30
33
32
33
32
33
33
34
29
23
18
28
34
32
32
31
34
30
30
27
25
27
20
20
25
29
34
32
33
34
28
32
34
33
32
30
30
31
31
30
27
31
33
32
32
33
32
33
28
34
33
34
31
33
32
31
29
32
31
32
34
32
30
32
32
33
33
33
29
30
31
35
31
29
30
31
32
30
28
33
35
32
33
35
33
33
32
19
17
33
33
33
32
29
30
30
32
29
18
31
33
34
33
29
33
33
27
31
34
35
31
32
31
33
32
32
32
34
33
30
30
35
31
30
28
28
31
29
26
34
35
33
35
33
31
35
32
32
33
32
33
33
31
33
29
26
29
31
32
32
32
31
33
31
31
28
33
31
33
33
34
25
17
25
30
31
33
34
27
30
35
28
27
29
28
18
17
32
31
34
30
30
31
32
29
31
30
26
32
27
31
33
30
32
30
29
27
28
28
28
26
29
26
26
26
31
34
35
33
31
32
32
30
32
33
32
31
30
27
24
27
28
27
35
33
33
31
33
30
34
34
35
30
35
35
19
13
29
29
33
32
33
32
31
31
31
25
29
18
18
31
31
29
29
32
32
34
31
26
30
34
29
33
33
34
33
31
34
35
33
34
29
32
31
31
28
30
34
32
35
30
31
34
31
29
31
32
33
32
31
33
30
31
29
31
31
30
31
34
33
33
32
33
34
34
33
32
31
31
27
31
27
31
27
19
17
28
31
34
31
30
32
30
34
32
26
28
26
18
17
25
30
33
32
31
32
34
30
28
26
27
34
30
32
33
32
29
29
29
32
30
31
31
35
31
27
33
31
32
31
32
35
32
31
31
33
27
30
30
26
26
29
32
32
33
32
31
31
34
33
29
32
