263, 306, 37, 68
263, 304, 35, 69
264, 301, 33, 71
265, 296, 31, 73
267, 292, 30, 74
270, 291, 28, 75
271, 290, 27, 76
272, 290, 27, 75
272, 290, 26, 75
270, 291, 26, 75
267, 292, 26, 75
266, 292, 27, 73
264, 291, 28, 72
264, 290, 30, 71
262, 290, 31, 70
260, 290, 31, 69
259, 289, 31, 69
257, 289, 31, 69
255, 287, 31, 68
253, 287, 31, 68
252, 287, 31, 67
253, 286, 29, 69
253, 283, 28, 70
254, 281, 27, 71
249, 278, 26, 74
250, 279, 26, 74
250, 277, 25, 75
245, 279, 26, 75
243, 280, 28, 74
241, 284, 28, 73
240, 285, 28, 74
245, 285, 28, 75
250, 285, 30, 73
257, 291, 31, 71
263, 296, 32, 69
271, 295, 32, 67
278, 294, 32, 67
287, 295, 31, 66
295, 293, 30, 66
302, 293, 30, 66
309, 292, 30, 66
315, 294, 31, 65
328, 296, 30, 64
336, 297, 29, 63
343, 304, 29, 61
352, 305, 29, 59
359, 308, 29, 57
365, 311, 32, 53
370, 313, 35, 51
376, 318, 39, 47
381, 320, 43, 45
393, 320, 43, 44
400, 322, 45, 43
412, 323, 44, 43
421, 324, 44, 43
430, 324, 45, 43
437, 327, 44, 43
448, 331, 38, 46
449, 336, 37, 47
449, 337, 37, 47
449, 338, 37, 47
449, 339, 37, 47
449, 340, 37, 47
449, 341, 37, 47
448, 342, 37, 47
448, 343, 37, 47
448, 344, 37, 47
448, 345, 37, 47
449, 346, 37, 47
449, 346, 37, 47
449, 346, 37, 47
449, 346, 36, 48
449, 346, 36, 48
450, 346, 36, 48
450, 346, 36, 48
450, 346, 36, 48
451, 346, 36, 48
451, 345, 36, 48
451, 346, 36, 48
451, 346, 36, 48
452, 347, 36, 48
452, 348, 36, 48
452, 350, 36, 48
452, 351, 36, 48
452, 353, 36, 48
452, 355, 36, 48
452, 356, 36, 48
452, 357, 36, 48
452, 358, 36, 48
453, 359, 36, 48
453, 359, 36, 48
453, 360, 36, 48
453, 360, 36, 48
454, 361, 36, 48
454, 361, 36, 48
454, 362, 36, 48
454, 362, 36, 48
454, 363, 36, 48
454, 364, 36, 48
454, 364, 36, 48
454, 365, 36, 48
454, 365, 36, 48
454, 365, 36, 48
454, 365, 36, 48
454, 366, 36, 49
454, 367, 36, 49
454, 368, 36, 49
454, 368, 36, 49
454, 368, 36, 49
454, 367, 35, 49
437, 333, 37, 47
440, 331, 38, 46
440, 330, 39, 46
440, 332, 39, 46
444, 327, 38, 47
449, 326, 36, 49
449, 325, 35, 50
450, 325, 33, 51
450, 325, 33, 52
450, 330, 32, 52
452, 323, 31, 54
456, 323, 30, 54
455, 324, 30, 55
455, 344, 29, 56
456, 349, 27, 57
456, 347, 26, 59
456, 347, 26, 59
413, 328, 25, 63
412, 322, 26, 63
418, 324, 27, 63
423, 324, 27, 64
426, 323, 27, 68
430, 323, 27, 71
433, 325, 28, 73
436, 325, 29, 74
438, 325, 30, 76
444, 326, 32, 76
447, 327, 33, 76
448, 327, 33, 76
449, 327, 32, 79
451, 327, 31, 79
451, 325, 30, 80
417, 320, 29, 83
418, 318, 28, 85
420, 318, 27, 86
421, 317, 27, 87
422, 319, 26, 86
423, 318, 26, 87
424, 317, 26, 87
424, 318, 26, 88
426, 317, 27, 88
430, 318, 27, 89
431, 316, 27, 89
432, 318, 27, 89
433, 316, 27, 90
438, 317, 27, 89
438, 317, 27, 89
443, 320, 28, 88
444, 317, 28, 88
448, 320, 28, 88
449, 317, 28, 88
450, 319, 28, 88
428, 317, 30, 82
429, 317, 32, 76
435, 322, 33, 73
436, 325, 34, 70
441, 320, 34, 71
445, 321, 33, 73
449, 322, 32, 74
454, 321, 29, 76
456, 323, 27, 77
458, 326, 27, 77
457, 328, 27, 77
456, 332, 27, 77
455, 335, 27, 77
454, 337, 27, 77
454, 340, 27, 77
453, 341, 27, 77
453, 341, 27, 77
452, 342, 27, 77
451, 343, 27, 77
451, 344, 27, 77
450, 344, 27, 77
450, 344, 27, 77
450, 343, 27, 77
450, 343, 27, 77
450, 341, 27, 77
451, 340, 27, 77
450, 340, 27, 77
450, 339, 27, 77
450, 338, 27, 77
450, 338, 27, 77
451, 338, 27, 77
451, 339, 27, 77
452, 339, 27, 77
452, 340, 27, 77
452, 341, 27, 77
451, 342, 27, 77
401, 326, 26, 77
401, 324, 26, 77
403, 327, 25, 78
404, 327, 25, 78
405, 333, 25, 77
406, 332, 25, 77
412, 333, 25, 77
412, 331, 24, 77
417, 329, 24, 78
417, 333, 24, 78
418, 332, 24, 78
424, 336, 24, 77
424, 338, 24, 77
429, 340, 24, 76
428, 336, 24, 76
429, 336, 23, 76
435, 337, 23, 76
435, 335, 23, 76
436, 335, 23, 76
442, 333, 23, 76
442, 339, 23, 76
443, 337, 23, 76
456, 344, 23, 76
455, 341, 23, 76
455, 339, 23, 76
460, 342, 23, 76
459, 339, 22, 77
459, 332, 22, 77
460, 337, 21, 78
460, 341, 21, 78
459, 342, 21, 77
459, 345, 21, 76
459, 350, 21, 75
457, 351, 22, 74
457, 351, 22, 74
456, 346, 22, 74
456, 346, 22, 74
455, 347, 22, 74
454, 341, 22, 74
454, 341, 22, 74
454, 339, 22, 74
454, 338, 22, 74
453, 331, 22, 74
453, 330, 22, 74
453, 328, 22, 74
453, 326, 22, 74
452, 324, 22, 74
457, 329, 22, 74
455, 328, 22, 74
455, 328, 22, 74
455, 327, 22, 74
455, 326, 22, 74
455, 326, 22, 74
455, 325, 22, 74
455, 323, 22, 74
454, 322, 22, 74
454, 320, 22, 74
453, 318, 23, 74
454, 316, 23, 74
454, 313, 23, 74
454, 311, 23, 74
454, 310, 23, 74
454, 309, 23, 74
454, 308, 23, 74
455, 307, 23, 74
440, 288, 27, 69
433, 289, 29, 67
432, 292, 31, 64
431, 295, 34, 62
428, 308, 37, 58
432, 299, 40, 55
437, 296, 41, 54
431, 300, 43, 52
430, 301, 44, 51
435, 298, 44, 50
433, 300, 45, 50
431, 303, 45, 49
424, 315, 47, 47
421, 320, 49, 44
421, 320, 51, 42
422, 325, 52, 40
424, 325, 52, 38
422, 325, 53, 37
421, 324, 54, 36
423, 330, 54, 35
425, 329, 54, 34
424, 329, 54, 33
427, 328, 54, 33
426, 326, 54, 32
426, 321, 54, 32
428, 321, 54, 31
427, 321, 54, 31
432, 331, 53, 32
431, 326, 52, 33
431, 326, 52, 33
433, 326, 51, 33
433, 325, 51, 34
433, 325, 51, 34
433, 325, 51, 34
445, 306, 48, 37
447, 303, 45, 41
448, 302, 44, 41
447, 302, 44, 41
447, 301, 44, 41
446, 298, 44, 42
445, 296, 44, 42
410, 271, 48, 39
396, 264, 47, 41
399, 257, 45, 43
407, 260, 44, 44
415, 259, 44, 45
423, 263, 45, 45
425, 263, 46, 45
434, 261, 45, 46
436, 261, 44, 47
438, 261, 43, 47
440, 266, 43, 47
439, 265, 42, 47
440, 265, 41, 47
441, 266, 40, 46
445, 262, 37, 50
447, 267, 34, 51
450, 265, 32, 53
451, 270, 30, 53
454, 268, 28, 55
456, 259, 26, 58
458, 257, 24, 62
459, 255, 22, 65
461, 259, 21, 66
461, 252, 20, 69
461, 251, 20, 71
461, 250, 20, 72
441, 265, 24, 67
437, 267, 30, 61
433, 271, 36, 54
423, 271, 45, 46
428, 273, 48, 43
428, 281, 50, 39
451, 279, 41, 49
431, 294, 45, 44
420, 292, 51, 38
417, 293, 56, 34
415, 296, 61, 30
412, 302, 64, 28
410, 304, 67, 26
407, 300, 69, 25
408, 294, 70, 24
407, 290, 71, 23
409, 296, 71, 23
406, 296, 72, 23
411, 296, 71, 23
410, 297, 71, 23
408, 299, 72, 23
408, 301, 73, 22
406, 302, 74, 22
404, 305, 74, 21
408, 310, 74, 22
407, 310, 74, 22
405, 310, 74, 22
403, 311, 75, 22
405, 311, 75, 22
405, 311, 75, 22
406, 312, 75, 22
405, 312, 75, 22
406, 313, 75, 22
404, 313, 75, 22
406, 313, 75, 22
407, 313, 74, 22
405, 315, 75, 22
404, 315, 76, 22
415, 320, 72, 24
411, 314, 72, 25
416, 312, 69, 27
438, 308, 58, 35
443, 303, 49, 43
447, 306, 41, 49
449, 310, 36, 52
451, 315, 33, 53
454, 314, 29, 56
455, 320, 27, 55
456, 319, 25, 57
457, 319, 25, 56
456, 320, 25, 54
456, 322, 25, 52
454, 324, 26, 50
454, 326, 27, 49
452, 325, 27, 48
451, 326, 28, 47
451, 330, 29, 47
449, 333, 30, 47
449, 332, 31, 47
450, 331, 31, 47
449, 334, 31, 48
450, 332, 30, 48
449, 336, 31, 48
449, 339, 31, 48
447, 339, 33, 46
447, 343, 33, 47
445, 343, 34, 45
445, 348, 35, 44
444, 346, 36, 44
443, 346, 36, 44
443, 347, 37, 44
442, 349, 37, 44
443, 350, 37, 44
447, 353, 35, 47
448, 356, 33, 48
450, 356, 32, 49
453, 355, 30, 50
455, 355, 28, 51
458, 353, 25, 54
459, 354, 23, 55
461, 353, 21, 57
462, 353, 21, 57
462, 351, 21, 57
448, 341, 22, 54
435, 344, 26, 51
431, 346, 32, 45
431, 349, 40, 38
431, 351, 43, 35
432, 353, 44, 33
406, 352, 45, 32
404, 351, 46, 31
408, 350, 47, 30
411, 353, 48, 30
410, 353, 49, 29
411, 357, 49, 29
414, 356, 50, 28
414, 359, 50, 28
419, 358, 50, 28
416, 354, 51, 27
419, 358, 51, 27
423, 357, 51, 27
423, 356, 51, 26
423, 355, 51, 26
424, 354, 51, 26
427, 353, 51, 26
426, 357, 51, 26
425, 355, 51, 26
426, 354, 51, 26
427, 353, 51, 26
429, 358, 51, 26
428, 357, 51, 26
428, 356, 51, 26
430, 356, 51, 26
430, 360, 51, 26
430, 359, 51, 26
430, 363, 51, 26
432, 361, 51, 26
430, 365, 51, 26
432, 360, 51, 26
432, 364, 51, 26
425, 337, 47, 30
428, 331, 42, 36
431, 331, 39, 40
437, 327, 37, 42
438, 327, 35, 44
440, 324, 33, 46
445, 324, 32, 47
445, 320, 31, 50
446, 320, 29, 52
451, 319, 28, 54
451, 316, 26, 57
457, 315, 24, 61
457, 314, 22, 64
460, 314, 21, 64
461, 308, 20, 66
463, 309, 19, 67
463, 308, 19, 68
464, 307, 18, 70
464, 308, 18, 71
465, 309, 17, 70
464, 312, 18, 69
464, 314, 18, 68
464, 316, 18, 68
464, 324, 18, 68
464, 315, 18, 68
464, 312, 18, 68
460, 276, 19, 68
461, 265, 19, 71
461, 262, 19, 74
461, 261, 19, 76
460, 264, 20, 76
460, 267, 20, 76
459, 261, 20, 77
459, 260, 20, 78
459, 258, 21, 80
458, 259, 21, 80
458, 273, 22, 80
459, 273, 22, 81
458, 265, 22, 81
457, 264, 22, 81
457, 262, 22, 82
458, 260, 22, 82
444, 259, 22, 82
444, 259, 22, 82
457, 257, 22, 82
457, 256, 22, 82
450, 257, 22, 82
456, 254, 23, 82
455, 258, 23, 82
454, 259, 23, 82
455, 260, 23, 82
453, 264, 24, 82
453, 265, 24, 82
453, 267, 24, 82
452, 267, 24, 82
451, 266, 24, 82
439, 272, 24, 81
457, 270, 24, 81
456, 269, 24, 82
455, 268, 24, 82
455, 269, 24, 82
454, 268, 24, 82
436, 273, 24, 82
436, 276, 24, 81
437, 274, 24, 81
437, 274, 24, 81
438, 274, 24, 81
439, 273, 25, 81
440, 274, 25, 81
440, 273, 25, 81
441, 274, 25, 80
442, 273, 25, 80
443, 274, 25, 80
443, 276, 25, 79
443, 277, 25, 79
448, 273, 25, 79
442, 278, 26, 79
454, 274, 25, 79
453, 275, 25, 79
444, 277, 26, 79
443, 280, 26, 79
448, 276, 26, 79
448, 279, 26, 78
447, 277, 27, 77
451, 278, 27, 77
450, 278, 27, 77
449, 275, 27, 77
449, 275, 27, 77
451, 273, 27, 77
451, 272, 27, 77
450, 274, 27, 77
450, 271, 27, 77
449, 273, 27, 76
455, 270, 27, 77
452, 273, 26, 77
450, 272, 27, 77
449, 274, 27, 77
448, 274, 27, 77
453, 272, 27, 77
451, 272, 27, 77
449, 273, 27, 77
448, 273, 27, 77
442, 275, 27, 77
443, 275, 27, 77
443, 276, 27, 77
448, 273, 27, 76
453, 272, 27, 77
451, 274, 27, 77
450, 274, 27, 77
450, 275, 27, 77
449, 276, 27, 77
448, 277, 27, 77
449, 279, 27, 77
454, 277, 27, 77
452, 279, 27, 77
450, 279, 27, 77
449, 282, 27, 77
443, 283, 27, 77
443, 284, 27, 77
449, 279, 27, 77
443, 282, 27, 77
448, 281, 27, 77
443, 282, 27, 77
448, 278, 27, 77
446, 278, 27, 77
445, 279, 27, 77
451, 275, 27, 77
450, 273, 27, 77
449, 274, 27, 77
454, 271, 27, 77
452, 274, 27, 77
451, 271, 27, 77
449, 273, 27, 77
449, 274, 27, 77
448, 275, 27, 77
452, 271, 27, 77
451, 269, 27, 78
450, 272, 27, 77
448, 272, 27, 77
447, 271, 27, 77
452, 271, 27, 77
440, 275, 27, 77
440, 277, 27, 77
439, 277, 27, 77
440, 275, 27, 77
439, 276, 27, 77
451, 271, 27, 77
456, 269, 26, 78
455, 269, 26, 78
437, 277, 26, 78
437, 277, 26, 78
438, 278, 26, 78
439, 276, 26, 78
440, 275, 26, 78
439, 274, 26, 78
440, 275, 26, 78
439, 277, 26, 78
440, 279, 26, 77
440, 279, 26, 77
440, 279, 26, 77
453, 273, 25, 78
458, 273, 25, 78
456, 274, 25, 78
455, 274, 25, 79
436, 282, 25, 79
436, 283, 25, 78
438, 281, 25, 78
439, 283, 25, 78
445, 283, 25, 78
446, 284, 25, 78
452, 285, 25, 78
456, 286, 25, 79
456, 284, 24, 80
456, 284, 24, 81
455, 281, 24, 82
454, 282, 24, 83
453, 281, 24, 83
458, 280, 24, 83
458, 278, 23, 84
457, 277, 23, 85
457, 276, 23, 85
456, 274, 23, 85
456, 271, 23, 85
455, 269, 24, 85
455, 265, 24, 85
456, 262, 24, 85
455, 260, 25, 84
453, 256, 25, 83
451, 258, 25, 83
449, 260, 27, 82
447, 262, 27, 81
447, 264, 27, 81
452, 264, 27, 81
450, 266, 27, 80
448, 265, 27, 80
442, 269, 28, 79
441, 271, 28, 79
447, 268, 28, 79
446, 271, 28, 78
444, 273, 28, 78
450, 269, 28, 78
448, 272, 28, 79
447, 273, 28, 78
446, 275, 29, 77
450, 276, 28, 77
448, 277, 28, 76
443, 280, 28, 76
454, 279, 28, 77
453, 276, 28, 77
453, 276, 28, 77
453, 275, 27, 77
453, 274, 27, 77
459, 276, 27, 78
458, 274, 27, 78
458, 271, 26, 79
452, 266, 26, 79
452, 268, 26, 79
453, 264, 26, 80
454, 256, 25, 83
454, 251, 25, 87
452, 253, 25, 90
451, 267, 25, 93
443, 261, 26, 94
443, 267, 26, 94
443, 272, 27, 96
436, 269, 27, 98
427, 274, 28, 99
421, 277, 28, 99
414, 275, 28, 98
414, 280, 29, 98
408, 277, 29, 98
406, 283, 31, 93
406, 287, 33, 88
400, 276, 32, 89
408, 279, 31, 91
409, 275, 30, 93
416, 264, 30, 95
423, 268, 30, 96
422, 267, 30, 96
425, 279, 30, 96
432, 267, 30, 98
440, 264, 29, 98
440, 278, 30, 98
447, 282, 30, 99
448, 278, 30, 100
450, 280, 29, 100
452, 276, 29, 102
453, 276, 28, 103
455, 271, 28, 106
454, 285, 28, 106
448, 256, 29, 104
456, 259, 29, 104
456, 257, 29, 104
456, 256, 29, 104
454, 255, 29, 104
444, 257, 29, 103
443, 259, 29, 103
443, 257, 29, 103
448, 264, 30, 101
447, 266, 30, 99
453, 267, 30, 98
451, 268, 30, 98
450, 269, 30, 97
449, 268, 30, 97
449, 263, 30, 97
449, 259, 30, 97
449, 254, 30, 98
448, 251, 30, 98
448, 248, 30, 98
447, 252, 30, 98
446, 250, 30, 98
453, 248, 30, 98
450, 253, 30, 98
450, 255, 30, 99
440, 253, 30, 98
439, 254, 31, 96
446, 247, 31, 97
452, 241, 30, 101
453, 238, 29, 102
441, 238, 30, 102
450, 231, 29, 103
448, 213, 29, 103
446, 213, 29, 104
446, 214, 29, 104
445, 211, 30, 104
445, 212, 30, 104
443, 221, 30, 104
435, 222, 30, 104
434, 226, 30, 104
435, 229, 31, 104
435, 233, 31, 104
420, 227, 34, 101
419, 229, 34, 100
436, 241, 34, 100
442, 242, 34, 100
441, 236, 34, 101
442, 241, 34, 101
441, 239, 34, 102
441, 235, 34, 102
440, 237, 34, 102
418, 231, 36, 100
415, 233, 37, 98
438, 243, 37, 99
414, 235, 39, 96
409, 238, 40, 95
413, 238, 41, 94
431, 248, 41, 94
410, 242, 43, 92
407, 243, 44, 90
433, 247, 43, 92
433, 250, 43, 92
434, 252, 42, 93
435, 250, 42, 93
437, 248, 41, 95
442, 251, 41, 96
442, 252, 39, 97
442, 250, 39, 97
442, 249, 38, 99
442, 250, 38, 100
444, 253, 37, 101
443, 255, 36, 103
445, 256, 35, 105
445, 258, 34, 106
443, 264, 34, 107
444, 264, 34, 107
446, 259, 33, 108
446, 230, 33, 108
446, 253, 33, 108
445, 251, 33, 109
443, 244, 33, 109
443, 240, 33, 109
442, 236, 33, 110
439, 235, 33, 110
431, 228, 33, 109
438, 223, 34, 109
443, 226, 34, 110
442, 218, 34, 110
442, 218, 34, 110
443, 219, 34, 109
444, 215, 34, 109
441, 210, 34, 109
439, 212, 34, 109
438, 216, 34, 109
443, 217, 34, 110
442, 217, 34, 110
439, 219, 34, 109
438, 222, 34, 109
436, 223, 34, 109
434, 222, 34, 109
433, 218, 34, 109
431, 222, 35, 109
429, 225, 35, 109
427, 226, 35, 109
425, 229, 35, 109
423, 228, 35, 109
423, 229, 35, 109
422, 230, 35, 109
420, 232, 35, 109
420, 233, 35, 109
418, 236, 35, 109
416, 239, 35, 109
416, 239, 35, 109
452, 257, 34, 110
452, 258, 33, 111
453, 259, 33, 111
452, 259, 33, 111
452, 259, 33, 112
452, 258, 33, 112
452, 257, 32, 112
452, 266, 32, 112
452, 265, 32, 112
452, 265, 32, 111
452, 264, 32, 111
453, 262, 31, 112
453, 262, 31, 112
453, 263, 31, 112
453, 263, 31, 112
453, 254, 31, 112
454, 255, 30, 112
453, 254, 30, 112
452, 255, 30, 112
451, 255, 30, 112
452, 254, 30, 112
452, 256, 30, 111
453, 254, 30, 111
453, 253, 30, 111
453, 251, 30, 112
453, 251, 30, 112
453, 253, 30, 112
453, 254, 30, 112
452, 251, 30, 112
451, 248, 30, 112
452, 250, 30, 112
451, 247, 30, 112
451, 248, 30, 112
451, 247, 30, 112
432, 239, 30, 112
433, 241, 30, 111
433, 245, 30, 111
440, 245, 30, 111
445, 245, 30, 111
444, 244, 31, 110
444, 242, 31, 110
445, 239, 31, 110
444, 238, 31, 110
443, 234, 31, 110
440, 235, 32, 109
439, 229, 32, 109
438, 234, 32, 109
438, 240, 32, 109
437, 244, 32, 109
435, 254, 32, 109
433, 260, 32, 109
431, 255, 32, 109
429, 254, 33, 109
430, 251, 33, 109
431, 248, 33, 109
431, 248, 33, 108
430, 250, 33, 108
431, 248, 33, 108
432, 250, 33, 108
440, 255, 33, 108
439, 257, 33, 108
445, 260, 33, 108
445, 263, 33, 109
446, 266, 33, 109
446, 269, 33, 110
445, 273, 32, 111
444, 276, 32, 112
444, 281, 32, 112
445, 285, 32, 113
445, 284, 32, 112
443, 285, 32, 113
442, 288, 32, 113
440, 291, 33, 112
438, 293, 33, 112
437, 295, 33, 112
429, 297, 33, 112
428, 306, 33, 112
427, 311, 33, 112
428, 316, 33, 112
429, 321, 33, 111
435, 317, 34, 111
441, 311, 34, 111
442, 307, 34, 111
443, 310, 34, 111
444, 307, 34, 111
445, 300, 33, 112
444, 299, 33, 112
442, 299, 33, 113
441, 298, 33, 113
448, 297, 33, 113
446, 297, 33, 113
444, 294, 33, 113
442, 294, 33, 114
448, 297, 33, 114
445, 297, 32, 116
443, 296, 32, 116
442, 294, 32, 116
447, 263, 32, 117
445, 268, 32, 117
444, 264, 33, 116
449, 269, 33, 117
446, 264, 32, 117
446, 259, 33, 117
446, 263, 33, 117
436, 265, 33, 116
436, 258, 33, 116
445, 279, 33, 117
444, 245, 34, 117
444, 249, 34, 117
443, 245, 34, 117
449, 250, 34, 119
449, 256, 33, 119
448, 270, 33, 121
412, 305, 34, 124
413, 315, 35, 125
415, 317, 35, 126
423, 308, 36, 128
431, 299, 36, 130
439, 297, 36, 131
440, 298, 37, 132
441, 299, 37, 133
441, 296, 37, 133
440, 292, 37, 134
440, 289, 37, 134
440, 288, 38, 134
431, 282, 38, 133
441, 276, 38, 132
440, 276, 39, 132
439, 277, 39, 131
430, 270, 39, 130
439, 270, 39, 130
439, 273, 39, 129
439, 272, 39, 130
439, 277, 39, 130
439, 279, 39, 131
439, 276, 39, 132
439, 272, 39, 132
439, 272, 39, 134
440, 275, 38, 134
439, 272, 38, 134
438, 274, 38, 134
437, 278, 38, 133
437, 280, 38, 132
436, 280, 38, 133
437, 280, 38, 133
437, 282, 38, 132
437, 283, 38, 133
439, 280, 39, 133
439, 281, 39, 135
439, 279, 39, 136
439, 278, 39, 136
438, 275, 40, 136
438, 276, 40, 136
438, 278, 40, 136
437, 277, 40, 137
437, 278, 40, 137
437, 274, 40, 137
438, 275, 41, 136
438, 275, 40, 137
438, 274, 40, 138
439, 274, 40, 138
438, 272, 40, 140
436, 266, 41, 139
436, 269, 41, 139
436, 270, 41, 138
436, 264, 41, 137
435, 267, 41, 136
436, 267, 41, 136
436, 268, 41, 135
436, 267, 41, 135
436, 265, 41, 134
436, 267, 41, 134
444, 268, 40, 134
442, 266, 39, 135
439, 262, 39, 135
438, 266, 39, 135
436, 260, 40, 134
436, 264, 40, 133
436, 265, 40, 133
445, 262, 39, 134
443, 264, 39, 135
441, 264, 39, 136
441, 266, 39, 136
440, 263, 39, 137
440, 265, 39, 136
441, 262, 39, 136
440, 262, 39, 137
439, 265, 39, 137
439, 267, 39, 137
438, 264, 40, 139
438, 263, 39, 139
438, 266, 40, 139
438, 267, 40, 139
439, 265, 39, 139
439, 266, 39, 138
439, 266, 39, 138
439, 265, 40, 137
438, 265, 40, 137
439, 261, 41, 137
437, 263, 41, 137
436, 255, 41, 136
436, 257, 41, 136
436, 259, 41, 136
444, 263, 40, 136
442, 259, 40, 136
439, 255, 40, 136
437, 251, 40, 136
436, 247, 40, 135
435, 250, 40, 135
436, 247, 40, 135
436, 247, 40, 134
436, 248, 41, 134
437, 253, 41, 133
436, 254, 42, 133
437, 255, 41, 133
437, 253, 41, 133
437, 256, 41, 133
437, 253, 41, 134
437, 249, 41, 135
436, 243, 41, 135
445, 247, 41, 135
442, 241, 40, 136
442, 237, 39, 137
440, 241, 39, 137
438, 237, 39, 138
436, 238, 40, 137
437, 232, 41, 136
439, 236, 41, 135
438, 234, 41, 137
438, 235, 40, 137
437, 239, 40, 137
434, 239, 40, 137
423, 242, 40, 138
424, 246, 40, 138
423, 245, 41, 138
414, 248, 41, 137
425, 253, 41, 137
425, 254, 41, 137
425, 252, 41, 137
426, 253, 41, 137
424, 256, 42, 136
424, 252, 42, 136
413, 251, 42, 136
414, 248, 42, 136
423, 243, 42, 136
422, 242, 42, 135
422, 243, 42, 135
423, 237, 41, 137
423, 234, 42, 137
424, 232, 42, 137
425, 229, 42, 137
426, 229, 42, 137
426, 229, 42, 136
427, 228, 42, 135
428, 228, 42, 135
418, 229, 43, 132
427, 228, 42, 133
426, 226, 42, 133
417, 224, 43, 134
418, 221, 42, 135
419, 220, 42, 135
419, 220, 42, 134
418, 221, 42, 134
418, 219, 42, 134
419, 219, 42, 134
421, 220, 42, 134
420, 220, 42, 134
421, 219, 42, 134
422, 220, 41, 134
422, 221, 41, 134
423, 221, 41, 135
423, 222, 41, 135
423, 224, 41, 135
422, 223, 41, 135
421, 227, 41, 135
421, 226, 41, 135
422, 228, 41, 135
413, 230, 41, 135
414, 234, 41, 134
415, 232, 41, 134
415, 232, 41, 134
406, 231, 41, 134
415, 237, 41, 133
415, 235, 41, 133
414, 232, 41, 133
405, 234, 41, 133
406, 233, 41, 133
407, 233, 41, 132
408, 231, 41, 132
408, 229, 41, 132
397, 229, 42, 132
399, 229, 42, 132
400, 229, 42, 132
402, 228, 43, 132
403, 227, 43, 132
405, 228, 43, 132
406, 232, 43, 131
407, 232, 43, 131
407, 229, 42, 131
409, 233, 42, 131
409, 230, 42, 131
410, 232, 42, 131
410, 232, 42, 131
411, 231, 42, 131
412, 228, 42, 131
413, 228, 42, 131
414, 227, 42, 131
416, 228, 41, 131
425, 223, 41, 131
423, 227, 41, 131
421, 231, 41, 131
422, 229, 41, 131
422, 223, 41, 132
422, 228, 41, 132
411, 229, 42, 132
422, 224, 41, 132
421, 227, 42, 132
421, 226, 42, 133
423, 219, 41, 134
424, 219, 42, 134
425, 218, 42, 135
435, 218, 41, 135
435, 217, 41, 135
437, 216, 41, 136
436, 221, 42, 135
436, 223, 41, 135
435, 224, 41, 135
435, 225, 41, 134
436, 225, 41, 133
437, 226, 41, 133
437, 227, 41, 133
425, 226, 42, 132
435, 228, 42, 131
434, 230, 42, 131
434, 230, 42, 130
434, 230, 42, 130
435, 226, 42, 130
436, 231, 42, 130
437, 233, 41, 130
438, 236, 41, 131
438, 239, 41, 130
437, 236, 41, 131
436, 237, 41, 131
435, 239, 41, 131
443, 242, 40, 131
442, 243, 40, 132
441, 241, 40, 132
439, 242, 40, 132
440, 244, 40, 132
439, 246, 40, 132
440, 240, 40, 133
439, 242, 40, 133
440, 243, 40, 133
441, 239, 40, 133
442, 241, 40, 133
441, 239, 40, 133
442, 241, 40, 133
440, 239, 40, 133
440, 239, 40, 133
439, 240, 40, 134
439, 240, 40, 134
439, 236, 40, 134
438, 239, 40, 134
438, 237, 40, 134
438, 233, 40, 134
438, 232, 40, 135
437, 238, 40, 137
438, 236, 40, 139
440, 242, 39, 142
440, 239, 39, 146
440, 223, 38, 150
440, 219, 38, 153
439, 256, 38, 159
438, 249, 38, 161
440, 251, 39, 164
441, 254, 39, 166
442, 245, 39, 167
443, 208, 39, 167
443, 198, 39, 166
429, 167, 40, 165
429, 165, 41, 163
429, 164, 41, 161
430, 165, 43, 156
432, 166, 45, 152
433, 165, 45, 151
432, 161, 46, 150
433, 159, 46, 150
434, 156, 46, 151
434, 163, 46, 152
436, 160, 46, 152
437, 158, 46, 152
437, 157, 46, 152
436, 153, 46, 152
437, 152, 46, 152
437, 149, 46, 152
436, 149, 46, 152
436, 149, 46, 153
435, 151, 46, 153
434, 150, 46, 153
432, 148, 46, 153
430, 149, 46, 153
430, 151, 46, 153
430, 153, 46, 153
431, 155, 46, 153
432, 156, 45, 153
432, 155, 45, 153
431, 156, 45, 153
430, 156, 46, 153
430, 155, 46, 153
429, 155, 46, 153
425, 155, 46, 153
400, 150, 46, 153
399, 148, 46, 153
398, 142, 46, 152
398, 139, 46, 152
399, 141, 46, 152
399, 132, 46, 152
398, 135, 46, 152
397, 129, 46, 151
395, 124, 47, 151
394, 127, 47, 151
405, 123, 47, 151
404, 125, 47, 151
402, 121, 47, 151
401, 118, 47, 151
398, 122, 47, 150
398, 112, 47, 150
396, 108, 47, 150
396, 105, 47, 150
395, 109, 47, 150
394, 102, 47, 150
391, 96, 48, 148
403, 105, 48, 148
402, 100, 49, 148
402, 108, 49, 148
425, 105, 49, 147
413, 112, 49, 147
423, 107, 49, 146
423, 112, 49, 146
422, 112, 50, 145
433, 120, 49, 144
431, 119, 49, 144
430, 125, 49, 144
429, 123, 49, 143
428, 119, 49, 142
428, 118, 50, 141
428, 117, 50, 140
427, 127, 50, 140
426, 123, 50, 139
424, 120, 50, 138
424, 125, 50, 136
424, 127, 50, 136
424, 134, 50, 136
423, 138, 50, 136
433, 136, 49, 136
430, 136, 48, 137
431, 149, 48, 137
435, 138, 47, 137
436, 137, 47, 137
436, 139, 47, 137
437, 140, 46, 137
437, 147, 46, 138
439, 140, 45, 138
440, 140, 45, 138
440, 140, 44, 138
439, 139, 44, 138
437, 136, 44, 138
436, 131, 44, 138
436, 126, 44, 138
436, 122, 44, 138
436, 116, 44, 139
436, 110, 44, 139
407, 97, 46, 136
404, 99, 48, 133
410, 99, 50, 130
406, 92, 52, 127
405, 101, 52, 126
402, 93, 53, 124
398, 94, 55, 122
393, 97, 56, 119
321, 150, 65, 109
318, 156, 70, 105
310, 152, 79, 94
317, 157, 85, 88
305, 161, 86, 87
305, 165, 86, 86
314, 169, 87, 86
313, 171, 86, 87
311, 164, 87, 86
320, 168, 87, 86
331, 171, 87, 87
328, 161, 87, 88
338, 165, 87, 88
336, 157, 88, 88
345, 161, 88, 89
345, 153, 89, 88
351, 147, 92, 84
360, 152, 96, 80
366, 159, 98, 75
364, 162, 100, 72
353, 165, 98, 75
353, 168, 96, 77
361, 161, 98, 74
348, 163, 96, 76
347, 167, 95, 77
347, 168, 93, 80
344, 161, 95, 77
339, 155, 98, 73
338, 159, 99, 71
336, 153, 101, 67
322, 155, 101, 66
319, 159, 102, 64
319, 162, 102, 63
305, 156, 102, 62
313, 160, 102, 61
312, 163, 102, 60
312, 164, 101, 60
331, 167, 102, 58
321, 161, 101, 57
330, 164, 101, 57
330, 167, 101, 56
318, 168, 101, 56
327, 162, 100, 56
335, 166, 100, 55
334, 168, 100, 54
314, 171, 99, 55
314, 171, 98, 55
323, 174, 98, 55
333, 177, 98, 54
332, 180, 98, 53
331, 184, 98, 52
331, 187, 98, 52
333, 189, 97, 52
334, 191, 97, 52
334, 191, 97, 52
335, 192, 97, 52
341, 186, 97, 51
341, 188, 97, 51
341, 188, 96, 52
334, 188, 91, 57
353, 183, 92, 55
362, 184, 94, 54
352, 177, 93, 54
376, 181, 94, 53
378, 182, 94, 53
384, 176, 94, 52
391, 180, 93, 51
383, 179, 92, 52
383, 179, 91, 53
384, 172, 91, 53
382, 167, 92, 53
394, 176, 90, 54
383, 163, 91, 53
381, 158, 92, 53
380, 159, 94, 52
380, 154, 94, 51
385, 149, 94, 51
389, 151, 94, 50
384, 155, 94, 50
388, 157, 94, 50
390, 153, 93, 50
392, 155, 93, 50
393, 158, 93, 49
393, 153, 93, 49
393, 155, 93, 49
394, 157, 92, 49
388, 161, 92, 49
386, 163, 92, 49
397, 236, 87, 55
399, 235, 84, 58
402, 232, 81, 62
404, 225, 78, 64
404, 225, 77, 66
406, 226, 76, 67
409, 225, 75, 68
410, 215, 74, 68
411, 215, 74, 69
413, 199, 70, 72
423, 193, 64, 77
425, 187, 60, 79
426, 184, 58, 81
429, 179, 55, 84
432, 172, 51, 88
433, 170, 49, 89
435, 166, 47, 92
436, 163, 44, 94
438, 160, 42, 96
439, 158, 41, 97
441, 154, 39, 98
442, 152, 38, 99
443, 156, 37, 100
443, 155, 36, 101
444, 152, 36, 102
445, 147, 35, 103
443, 141, 35, 105
443, 136, 35, 107
441, 136, 35, 108
441, 144, 35, 109
440, 128, 36, 111
440, 146, 37, 111
440, 118, 37, 112
440, 116, 38, 112
448, 145, 37, 114
448, 161, 36, 117
449, 155, 35, 120
450, 160, 35, 121
451, 164, 35, 121
450, 163, 35, 121
449, 162, 35, 121
449, 161, 35, 121
449, 159, 35, 121
448, 158, 35, 121
450, 137, 35, 122
450, 133, 35, 122
451, 130, 35, 122
451, 129, 34, 122
452, 128, 34, 122
452, 129, 34, 122
452, 133, 34, 122
452, 136, 34, 122
451, 138, 34, 122
451, 138, 34, 122
450, 139, 34, 122
449, 140, 34, 122
449, 138, 34, 122
448, 137, 34, 122
448, 135, 34, 122
448, 134, 34, 122
448, 132, 34, 122
448, 131, 34, 122
448, 130, 34, 122
448, 129, 34, 122
448, 128, 34, 122
448, 129, 34, 122
448, 129, 34, 122
448, 126, 34, 122
449, 125, 34, 122
449, 126, 34, 122
450, 124, 34, 122
450, 123, 34, 122
450, 122, 34, 123
449, 119, 34, 123
450, 117, 34, 123
449, 122, 34, 123
450, 121, 34, 123
449, 119, 34, 123
449, 118, 34, 123
450, 116, 34, 123
450, 116, 34, 123
450, 124, 34, 123
450, 122, 34, 123
449, 119, 34, 123
449, 117, 34, 123
449, 115, 34, 123
449, 114, 34, 123
449, 113, 34, 123
450, 111, 34, 123
450, 109, 34, 123
450, 98, 34, 123
451, 98, 34, 123
451, 100, 34, 123
451, 107, 34, 124
451, 105, 34, 124
451, 107, 34, 124
451, 107, 34, 124
451, 108, 34, 124
450, 109, 34, 124
450, 110, 34, 124
449, 111, 34, 124
449, 111, 34, 124
449, 112, 34, 124
448, 112, 34, 124
448, 112, 34, 124
448, 113, 34, 124
447, 113, 34, 124
447, 111, 34, 124
447, 112, 34, 124
447, 112, 34, 124
446, 112, 34, 124
446, 112, 34, 124
446, 114, 34, 124
446, 115, 34, 124
446, 115, 34, 124
446, 117, 34, 124
446, 117, 34, 124
446, 119, 34, 124
446, 120, 34, 124
447, 122, 34, 124
447, 123, 34, 124
447, 125, 34, 124
446, 126, 34, 124
446, 129, 34, 124
445, 132, 34, 124
444, 134, 34, 124
444, 138, 34, 124
443, 141, 34, 124
441, 143, 34, 124
431, 147, 35, 123
437, 144, 35, 123
434, 147, 36, 122
440, 151, 37, 121
438, 146, 37, 121
437, 147, 38, 120
437, 147, 38, 120
438, 148, 38, 119
438, 142, 39, 119
438, 143, 39, 119
438, 144, 39, 119
437, 145, 40, 119
437, 145, 40, 118
437, 145, 40, 118
437, 144, 40, 118
436, 137, 40, 118
436, 140, 40, 118
436, 142, 41, 118
437, 144, 41, 117
437, 145, 41, 117
436, 146, 42, 117
436, 145, 42, 116
434, 142, 42, 116
440, 152, 42, 117
436, 155, 42, 117
434, 151, 43, 116
433, 154, 43, 116
431, 157, 44, 116
431, 160, 44, 116
431, 162, 45, 115
431, 163, 45, 115
429, 158, 45, 115
428, 160, 46, 115
427, 163, 46, 114
426, 167, 46, 114
424, 170, 46, 114
423, 163, 46, 114
413, 157, 47, 113
412, 162, 47, 113
411, 157, 47, 113
408, 154, 47, 113
406, 152, 47, 113
405, 148, 47, 113
403, 146, 48, 113
403, 144, 48, 113
402, 141, 48, 113
401, 141, 48, 113
399, 141, 48, 113
398, 141, 48, 113
405, 150, 48, 112
405, 154, 49, 112
404, 150, 49, 112
404, 153, 49, 112
402, 152, 49, 112
400, 158, 49, 112
399, 162, 50, 111
398, 157, 50, 111
397, 159, 50, 111
395, 156, 50, 111
394, 154, 51, 111
394, 158, 51, 111
394, 162, 51, 110
393, 160, 51, 110
394, 162, 51, 110
392, 161, 52, 110
400, 167, 52, 110
398, 162, 52, 110
398, 158, 52, 110
408, 162, 52, 110
359, 256, 52, 109
363, 265, 51, 112
370, 268, 52, 116
372, 266, 52, 117
376, 263, 52, 119
384, 262, 52, 120
387, 265, 52, 125
390, 259, 52, 128
393, 263, 52, 132
397, 265, 52, 134
400, 263, 53, 136
403, 267, 53, 138
404, 265, 53, 139
407, 266, 53, 143
408, 266, 54, 143
409, 267, 55, 143
411, 266, 55, 146
411, 266, 55, 147
412, 264, 55, 148
412, 261, 55, 150
411, 260, 56, 150
410, 260, 56, 151
409, 261, 56, 151
406, 260, 57, 152
405, 258, 57, 152
397, 257, 57, 151
397, 255, 57, 151
396, 254, 57, 151
392, 256, 56, 151
391, 253, 56, 152
390, 251, 56, 153
390, 250, 56, 151
389, 251, 56, 151
390, 252, 56, 150
391, 253, 56, 149
393, 251, 57, 147
395, 254, 56, 147
397, 255, 56, 147
398, 255, 56, 146
399, 256, 56, 145
402, 255, 56, 145
404, 255, 56, 145
406, 258, 56, 147
407, 260, 57, 147
409, 259, 57, 148
410, 255, 57, 150
411, 255, 57, 150
410, 255, 57, 151
409, 258, 57, 151
408, 254, 57, 153
408, 252, 57, 153
409, 251, 57, 153
407, 251, 58, 153
407, 248, 58, 153
407, 247, 58, 153
406, 247, 58, 153
406, 246, 58, 153
405, 245, 58, 153
404, 247, 58, 152
403, 247, 58, 152
401, 248, 58, 152
401, 250, 58, 151
400, 250, 58, 153
399, 255, 58, 154
398, 255, 58, 155
397, 257, 58, 154
394, 257, 58, 155
393, 258, 57, 155
391, 261, 57, 154
391, 259, 57, 155
391, 257, 56, 153
391, 255, 56, 152
392, 252, 56, 152
393, 253, 57, 151
394, 251, 57, 151
396, 247, 57, 151
398, 245, 57, 150
398, 244, 56, 150
399, 243, 56, 150
400, 242, 56, 151
402, 238, 57, 151
404, 242, 57, 150
403, 240, 57, 151
401, 241, 57, 150
402, 242, 57, 151
400, 241, 57, 152
400, 244, 56, 152
400, 244, 57, 151
399, 247, 57, 152
398, 249, 57, 152
397, 250, 57, 152
395, 249, 57, 152
395, 251, 57, 152
393, 255, 57, 151
390, 257, 56, 151
389, 259, 56, 151
388, 260, 56, 150
387, 262, 56, 149
388, 263, 57, 148
388, 263, 57, 148
388, 258, 57, 148
389, 257, 57, 148
389, 254, 57, 148
388, 258, 57, 147
388, 253, 56, 148
389, 251, 57, 147
388, 253, 57, 147
388, 254, 57, 147
388, 250, 57, 148
388, 249, 57, 148
388, 250, 57, 147
388, 248, 57, 147
390, 244, 57, 147
391, 244, 57, 145
390, 247, 57, 145
391, 242, 57, 146
390, 243, 57, 144
389, 242, 57, 145
389, 242, 56, 145
