22
34
31
34
33
34
34
34
35
20
21
21
25
29
31
29
24
26
33
30
28
27
29
30
29
18
15
37
33
35
37
31
37
33
31
32
26
26
24
28
23
26
23
23
28
29
27
26
29
24
30
28
27
30
35
36
34
37
36
37
35
36
37
29
33
31
34
28
26
30
31
28
28
29
27
36
34
31
35
37
36
35
36
36
32
36
37
33
35
35
33
30
33
35
28
34
30
30
27
33
29
27
17
16
31
28
35
32
35
36
34
35
36
36
38
35
30
28
28
27
19
17
26
25
28
35
32
31
32
36
32
37
36
34
35
36
35
35
32
33
31
34
30
33
33
33
29
32
30
33
29
32
28
29
27
36
34
35
31
34
32
35
36
32
35
32
31
32
33
30
31
35
30
36
30
30
31
30
34
28
26
36
35
35
37
33
35
36
33
32
17
17
29
29
28
30
31
32
30
30
32
28
26
27
27
29
31
32
34
31
31
33
30
30
28
28
30
32
29
35
32
35
35
32
30
33
31
27
28
25
30
35
29
33
24
29
31
29
29
31
34
35
32
34
33
34
33
28
33
32
28
27
35
27
36
27
36
32
32
29
24
25
27
29
31
31
33
34
31
26
19
16
25
26
28
32
29
28
28
27
29
29
26
22
21
21
27
29
31
31
34
32
35
34
36
32
32
33
29
29
31
30
29
30
27
27
30
31
32
31
23
31
29
31
26
31
30
34
34
34
32
31
29
31
32
26
23
26
28
26
31
30
33
32
34
33
33
29
31
31
34
34
36
29
33
34
34
35
35
35
33
27
30
32
20
17
23
28
29
32
36
35
38
32
36
34
35
28
30
30
27
24
18
26
30
27
29
25
28
26
26
26
25
31
35
35
32
34
34
35
35
34
35
35
34
34
35
32
32
27
28
29
28
29
29
26
25
34
34
34
32
35
35
33
35
35
36
34
33
34
34
36
32
33
37
37
36
27
26
25
29
26
28
32
35
35
32
36
36
32
19
18
31
37
35
27
33
34
35
35
32
30
27
24
27
27
20
15
25
29
30
34
35
29
34
32
32
35
32
34
29
