195, 87, 38, 18
195, 87, 37, 18
196, 87, 37, 18
196, 86, 36, 19
197, 87, 36, 19
198, 86, 36, 18
198, 86, 37, 18
199, 86, 37, 18
199, 86, 37, 19
199, 87, 36, 19
199, 87, 36, 19
200, 85, 35, 20
199, 85, 35, 20
198, 86, 35, 19
198, 86, 36, 19
197, 86, 36, 19
196, 86, 35, 19
196, 86, 35, 19
195, 87, 35, 19
193, 86, 35, 19
194, 87, 36, 19
194, 87, 37, 19
193, 87, 37, 19
193, 87, 36, 19
193, 86, 36, 20
193, 86, 35, 20
194, 86, 35, 20
194, 86, 35, 20
192, 86, 35, 20
192, 86, 35, 20
192, 87, 36, 19
192, 86, 36, 19
193, 86, 36, 19
193, 87, 36, 19
193, 86, 35, 19
194, 86, 35, 19
193, 86, 35, 19
194, 86, 34, 19
194, 86, 34, 19
194, 86, 34, 19
194, 87, 34, 19
193, 86, 34, 19
193, 87, 35, 19
193, 87, 35, 19
193, 86, 36, 19
192, 86, 36, 19
191, 87, 36, 19
191, 87, 36, 19
191, 86, 36, 19
190, 86, 36, 20
189, 87, 36, 20
190, 86, 36, 20
189, 87, 37, 20
188, 87, 37, 20
186, 87, 37, 20
186, 89, 38, 19
185, 89, 38, 19
186, 89, 37, 19
186, 88, 37, 19
186, 88, 36, 19
185, 88, 36, 19
186, 88, 35, 19
186, 88, 35, 19
185, 88, 36, 19
184, 88, 36, 19
184, 88, 36, 19
185, 89, 37, 19
185, 89, 37, 19
185, 89, 37, 19
185, 90, 37, 19
185, 89, 37, 20
184, 89, 37, 20
185, 90, 37, 19
184, 88, 37, 20
183, 89, 37, 20
184, 89, 36, 20
183, 89, 38, 20
183, 90, 38, 19
183, 90, 38, 20
183, 90, 38, 20
183, 91, 38, 20
183, 91, 38, 20
184, 92, 38, 20
184, 92, 38, 20
184, 93, 38, 20
183, 94, 38, 19
183, 94, 38, 19
184, 95, 37, 19
184, 94, 37, 19
183, 94, 38, 19
184, 93, 38, 20
186, 92, 38, 20
187, 92, 38, 20
187, 91, 38, 20
187, 92, 38, 20
188, 93, 39, 20
186, 93, 39, 20
185, 93, 39, 20
185, 94, 39, 19
185, 94, 39, 19
186, 94, 39, 19
186, 93, 39, 19
185, 94, 39, 19
186, 92, 38, 20
185, 91, 39, 20
186, 92, 39, 19
187, 92, 39, 19
186, 90, 39, 20
185, 91, 39, 20
185, 90, 39, 20
185, 91, 39, 20
186, 89, 38, 20
186, 89, 39, 20
185, 90, 39, 20
185, 90, 40, 20
185, 89, 41, 20
186, 89, 41, 20
185, 89, 42, 20
185, 88, 41, 20
184, 88, 40, 20
186, 88, 39, 21
184, 88, 40, 20
183, 89, 40, 20
184, 89, 40, 20
183, 89, 40, 20
183, 89, 40, 20
185, 90, 39, 20
185, 91, 39, 20
185, 91, 39, 20
185, 91, 39, 20
184, 92, 39, 20
184, 92, 39, 19
184, 92, 39, 19
184, 92, 39, 19
184, 92, 39, 19
184, 90, 38, 20
183, 90, 38, 20
183, 90, 38, 20
185, 90, 39, 19
186, 90, 39, 19
186, 90, 39, 19
186, 90, 39, 19
187, 90, 39, 19
187, 90, 39, 19
186, 89, 39, 20
184, 89, 38, 20
183, 88, 38, 20
183, 88, 38, 20
183, 88, 39, 20
183, 88, 39, 20
183, 87, 38, 20
184, 89, 38, 20
184, 88, 38, 20
184, 89, 38, 20
185, 89, 37, 20
185, 89, 37, 20
183, 88, 38, 20
184, 88, 39, 20
185, 89, 39, 19
184, 88, 39, 19
184, 88, 38, 19
184, 87, 38, 19
183, 86, 38, 20
183, 87, 38, 20
183, 85, 38, 20
183, 85, 37, 20
183, 86, 37, 20
184, 85, 37, 20
185, 86, 38, 20
185, 87, 38, 20
186, 86, 38, 20
187, 87, 38, 20
187, 87, 38, 20
188, 86, 38, 20
188, 86, 38, 20
187, 86, 38, 20
188, 86, 38, 20
188, 86, 38, 20
187, 86, 39, 20
185, 86, 40, 20
186, 87, 40, 19
186, 87, 41, 19
187, 85, 41, 20
188, 85, 40, 20
187, 86, 41, 20
188, 86, 41, 20
188, 86, 41, 20
188, 86, 41, 20
189, 86, 40, 20
189, 85, 39, 21
189, 86, 39, 20
189, 86, 39, 20
188, 87, 39, 19
189, 86, 40, 19
190, 86, 39, 19
191, 86, 38, 19
191, 85, 38, 19
191, 85, 38, 19
192, 85, 37, 19
192, 84, 37, 20
192, 84, 36, 20
192, 83, 36, 20
191, 84, 35, 20
191, 84, 36, 20
191, 84, 36, 21
191, 85, 37, 20
191, 85, 37, 20
190, 85, 38, 20
190, 85, 38, 20
189, 85, 38, 20
189, 85, 38, 20
189, 84, 38, 21
189, 84, 37, 21
189, 84, 38, 21
188, 84, 39, 21
186, 84, 38, 21
186, 83, 39, 21
186, 82, 40, 21
186, 82, 40, 21
186, 83, 40, 21
187, 83, 40, 21
188, 82, 40, 21
188, 82, 40, 21
187, 82, 40, 21
187, 81, 40, 22
186, 81, 40, 21
186, 81, 40, 21
187, 81, 40, 21
188, 81, 41, 21
187, 82, 41, 21
188, 82, 42, 21
188, 84, 41, 21
189, 84, 41, 21
189, 84, 41, 21
189, 83, 42, 21
190, 83, 42, 21
192, 83, 43, 21
191, 83, 42, 21
191, 82, 43, 21
191, 82, 43, 21
191, 82, 44, 20
193, 81, 44, 20
194, 81, 43, 20
194, 81, 43, 20
194, 81, 43, 21
195, 82, 42, 20
194, 82, 43, 20
193, 82, 43, 21
192, 83, 42, 21
193, 83, 42, 21
192, 83, 42, 21
191, 82, 42, 21
189, 83, 42, 21
190, 83, 42, 21
190, 83, 42, 21
190, 84, 44, 21
190, 83, 44, 21
191, 83, 45, 21
192, 82, 45, 22
194, 82, 45, 22
195, 82, 45, 22
194, 82, 46, 22
196, 82, 46, 22
197, 81, 46, 23
199, 80, 47, 22
200, 80, 47, 22
200, 79, 48, 22
202, 78, 48, 22
203, 78, 48, 23
206, 76, 49, 22
206, 76, 49, 22
206, 75, 49, 22
207, 76, 49, 23
205, 76, 50, 23
206, 76, 50, 23
205, 76, 50, 23
206, 76, 50, 23
206, 76, 50, 24
205, 77, 50, 24
206, 77, 50, 24
208, 77, 49, 24
208, 77, 48, 24
209, 78, 48, 23
207, 78, 48, 23
207, 78, 48, 23
207, 78, 49, 22
207, 78, 49, 23
208, 77, 49, 23
207, 76, 48, 23
206, 76, 48, 23
207, 76, 48, 23
207, 77, 47, 23
207, 77, 48, 23
206, 77, 48, 23
205, 77, 47, 23
204, 78, 48, 23
203, 77, 48, 23
203, 78, 49, 23
202, 78, 49, 23
200, 78, 50, 23
202, 77, 49, 23
203, 77, 49, 24
204, 76, 48, 24
204, 75, 49, 24
203, 75, 48, 24
202, 74, 49, 24
202, 75, 50, 23
202, 75, 50, 24
201, 75, 50, 24
200, 76, 51, 24
199, 76, 50, 24
201, 76, 50, 24
202, 76, 49, 24
203, 76, 50, 24
202, 75, 50, 24
204, 75, 50, 24
204, 73, 49, 25
203, 74, 49, 25
202, 73, 50, 26
204, 73, 50, 26
205, 72, 51, 26
204, 72, 52, 27
205, 73, 53, 26
204, 73, 53, 27
205, 72, 53, 27
204, 73, 53, 27
204, 74, 53, 27
204, 74, 53, 27
204, 73, 53, 27
202, 74, 53, 27
201, 75, 53, 27
202, 75, 53, 26
201, 75, 54, 26
202, 74, 54, 26
202, 75, 54, 26
202, 74, 54, 26
203, 74, 54, 26
202, 74, 54, 26
202, 74, 54, 26
202, 75, 54, 26
203, 76, 54, 25
204, 76, 53, 25
203, 75, 53, 26
202, 75, 53, 26
201, 76, 52, 26
202, 75, 52, 26
201, 75, 53, 26
199, 76, 54, 26
200, 75, 54, 26
198, 75, 54, 26
198, 75, 54, 26
197, 75, 54, 26
197, 75, 55, 26
197, 74, 54, 26
195, 75, 54, 26
195, 74, 54, 26
193, 75, 54, 26
193, 74, 54, 26
193, 75, 54, 27
193, 75, 54, 27
193, 75, 55, 27
191, 75, 54, 27
191, 76, 54, 27
191, 76, 53, 27
190, 77, 54, 27
190, 77, 55, 27
188, 77, 56, 27
189, 77, 56, 27
190, 79, 56, 26
189, 79, 56, 27
188, 79, 56, 26
189, 80, 55, 26
189, 82, 55, 26
189, 82, 56, 27
189, 82, 56, 26
188, 82, 56, 27
187, 81, 56, 26
187, 82, 57, 27
186, 83, 56, 27
185, 83, 57, 28
184, 84, 58, 27
183, 84, 58, 27
184, 85, 59, 28
184, 85, 59, 28
184, 86, 60, 28
184, 86, 60, 28
183, 86, 60, 28
183, 86, 60, 28
183, 85, 60, 28
181, 86, 61, 28
180, 87, 61, 28
183, 87, 61, 28
184, 86, 61, 28
184, 86, 61, 28
186, 86, 61, 29
186, 87, 61, 29
186, 87, 61, 29
186, 88, 63, 29
187, 88, 63, 29
185, 87, 63, 30
187, 87, 63, 30
188, 85, 64, 30
188, 86, 64, 30
189, 85, 64, 30
191, 83, 65, 30
190, 83, 65, 30
190, 83, 65, 30
189, 82, 65, 30
190, 82, 64, 30
188, 82, 64, 30
188, 82, 64, 30
188, 83, 65, 30
188, 83, 66, 30
187, 83, 66, 30
188, 82, 66, 30
188, 83, 67, 30
188, 82, 66, 30
191, 82, 65, 30
190, 81, 66, 30
189, 82, 66, 29
189, 82, 66, 29
189, 81, 66, 29
190, 81, 65, 29
190, 81, 65, 29
191, 82, 65, 29
191, 81, 65, 30
190, 82, 66, 30
190, 83, 66, 30
188, 84, 66, 31
188, 85, 68, 31
188, 85, 69, 31
188, 85, 69, 30
187, 85, 70, 31
185, 85, 70, 31
186, 86, 69, 31
186, 84, 69, 32
185, 84, 68, 32
185, 83, 69, 32
183, 82, 69, 32
181, 83, 68, 32
179, 83, 69, 32
180, 82, 69, 32
181, 82, 70, 33
181, 82, 69, 33
179, 82, 68, 33
176, 81, 70, 33
178, 81, 70, 33
180, 81, 71, 33
178, 80, 71, 33
179, 80, 71, 32
179, 80, 71, 32
179, 81, 71, 32
181, 81, 72, 32
184, 82, 72, 33
183, 82, 72, 33
183, 82, 72, 33
186, 81, 71, 34
184, 81, 69, 34
186, 82, 69, 34
187, 82, 69, 34
188, 81, 70, 34
189, 80, 68, 34
187, 80, 68, 34
186, 81, 70, 33
186, 81, 69, 33
186, 82, 70, 33
186, 81, 69, 33
184, 82, 70, 33
181, 82, 71, 33
181, 82, 71, 33
182, 80, 71, 34
181, 80, 71, 35
182, 79, 71, 35
182, 78, 71, 34
182, 78, 70, 35
182, 77, 71, 35
181, 77, 70, 35
182, 77, 69, 36
182, 76, 69, 36
181, 78, 69, 35
180, 77, 70, 35
179, 76, 70, 35
177, 76, 71, 35
176, 77, 71, 35
175, 77, 72, 35
175, 77, 72, 35
175, 77, 73, 35
175, 77, 73, 35
174, 76, 74, 35
174, 75, 74, 35
174, 74, 75, 35
174, 73, 75, 35
174, 74, 75, 35
176, 74, 75, 35
176, 74, 75, 35
177, 75, 74, 35
179, 74, 76, 35
181, 73, 75, 34
181, 73, 74, 35
181, 72, 74, 35
181, 72, 72, 35
179, 71, 71, 35
177, 71, 70, 35
177, 71, 69, 34
174, 72, 69, 34
172, 73, 70, 34
171, 74, 70, 34
172, 74, 71, 34
173, 76, 71, 33
171, 75, 71, 33
170, 75, 72, 33
170, 73, 73, 34
171, 73, 73, 33
171, 73, 73, 33
168, 72, 74, 33
168, 73, 74, 33
168, 72, 73, 34
169, 72, 73, 34
170, 72, 73, 34
172, 72, 73, 34
171, 73, 72, 34
170, 72, 72, 34
171, 71, 71, 34
172, 73, 71, 34
173, 72, 70, 34
173, 73, 71, 33
175, 71, 71, 33
175, 71, 70, 33
175, 70, 70, 33
175, 70, 69, 33
174, 70, 69, 34
175, 69, 70, 34
174, 68, 70, 35
174, 69, 70, 34
174, 68, 71, 34
174, 67, 72, 34
175, 67, 73, 34
176, 67, 73, 34
175, 66, 72, 34
177, 66, 72, 34
178, 65, 72, 34
180, 64, 72, 34
179, 64, 72, 34
179, 63, 72, 34
178, 65, 73, 33
178, 65, 74, 33
175, 65, 74, 32
174, 65, 75, 32
177, 65, 77, 32
177, 65, 77, 32
177, 64, 78, 32
179, 64, 77, 33
179, 64, 78, 33
180, 65, 77, 33
181, 64, 76, 33
182, 64, 76, 33
181, 65, 75, 33
182, 65, 74, 33
183, 66, 74, 33
183, 67, 74, 33
185, 66, 73, 34
183, 67, 72, 34
184, 67, 71, 34
185, 68, 71, 34
184, 67, 71, 34
185, 68, 71, 33
182, 69, 72, 33
184, 69, 73, 32
184, 68, 72, 33
185, 68, 71, 33
183, 68, 71, 33
181, 69, 71, 33
181, 69, 70, 33
183, 69, 71, 32
183, 69, 71, 33
181, 70, 71, 33
182, 70, 70, 33
181, 70, 70, 34
181, 70, 70, 34
180, 71, 70, 34
179, 70, 71, 34
180, 69, 71, 34
179, 69, 72, 34
178, 69, 72, 34
176, 69, 71, 34
174, 71, 71, 33
171, 71, 69, 34
169, 72, 70, 33
169, 71, 69, 33
168, 71, 69, 33
169, 71, 69, 33
169, 72, 69, 32
169, 71, 69, 32
171, 71, 68, 32
172, 71, 67, 32
170, 71, 66, 32
173, 72, 67, 31
171, 71, 67, 31
170, 70, 67, 31
171, 70, 67, 30
172, 71, 66, 31
173, 71, 66, 31
171, 71, 66, 30
173, 72, 66, 30
173, 71, 65, 31
173, 71, 65, 30
174, 71, 65, 30
173, 71, 65, 30
174, 73, 65, 30
176, 72, 65, 30
175, 71, 65, 30
176, 70, 65, 30
175, 69, 65, 30
176, 70, 65, 29
174, 68, 65, 30
174, 70, 64, 29
171, 68, 64, 30
172, 70, 63, 30
172, 71, 63, 31
173, 71, 62, 30
172, 71, 62, 30
171, 73, 62, 30
171, 73, 62, 30
172, 74, 62, 31
171, 74, 62, 31
171, 75, 62, 31
172, 75, 61, 31
170, 75, 60, 31
168, 75, 60, 31
167, 75, 60, 31
167, 76, 61, 30
167, 78, 61, 29
166, 79, 60, 29
167, 80, 61, 29
168, 81, 59, 29
166, 82, 59, 29
165, 83, 59, 29
165, 83, 58, 28
166, 83, 57, 28
166, 83, 57, 28
166, 84, 56, 28
165, 85, 56, 28
167, 87, 56, 27
165, 88, 56, 27
166, 89, 57, 27
165, 89, 57, 27
164, 91, 57, 27
163, 92, 58, 27
163, 93, 58, 27
163, 94, 57, 27
161, 96, 56, 27
163, 97, 55, 27
160, 98, 54, 27
160, 99, 54, 27
160, 100, 53, 27
160, 100, 53, 26
161, 100, 53, 26
160, 101, 51, 27
161, 101, 51, 26
160, 102, 50, 26
161, 102, 50, 26
161, 103, 50, 26
163, 105, 51, 26
163, 106, 51, 25
161, 107, 50, 25
162, 108, 51, 25
163, 108, 51, 25
161, 109, 50, 25
160, 110, 50, 24
160, 112, 50, 24
161, 113, 51, 24
160, 114, 50, 24
160, 115, 51, 24
160, 116, 51, 24
158, 116, 50, 24
158, 117, 50, 24
159, 117, 51, 24
159, 117, 50, 24
157, 118, 50, 24
158, 119, 50, 24
159, 118, 49, 24
159, 119, 49, 24
159, 120, 48, 24
159, 122, 48, 23
159, 122, 48, 23
159, 122, 48, 23
159, 123, 47, 23
160, 123, 47, 22
160, 124, 47, 22
160, 124, 46, 22
160, 125, 46, 22
162, 124, 45, 22
163, 124, 44, 22
162, 124, 44, 22
163, 124, 44, 22
164, 124, 44, 22
164, 124, 43, 22
165, 124, 43, 22
165, 124, 42, 22
167, 125, 42, 22
166, 125, 43, 22
166, 127, 42, 21
167, 129, 43, 21
167, 130, 42, 21
167, 130, 42, 21
169, 131, 42, 22
168, 131, 42, 22
169, 132, 41, 22
168, 133, 40, 22
168, 134, 40, 21
169, 134, 40, 21
169, 134, 40, 21
169, 134, 39, 21
168, 134, 39, 21
168, 135, 39, 20
168, 135, 39, 20
166, 134, 40, 20
166, 135, 40, 20
167, 135, 40, 20
168, 135, 39, 21
167, 135, 39, 20
166, 135, 39, 20
166, 135, 39, 20
166, 135, 38, 20
168, 135, 39, 20
168, 135, 39, 20
168, 136, 39, 20
170, 135, 39, 20
170, 134, 38, 20
170, 134, 39, 20
169, 135, 38, 20
170, 135, 38, 20
171, 135, 38, 20
172, 136, 38, 19
172, 135, 37, 20
173, 136, 36, 19
173, 136, 36, 19
173, 136, 36, 19
173, 137, 36, 19
174, 137, 36, 19
177, 137, 35, 19
178, 138, 35, 19
178, 137, 35, 19
179, 137, 35, 19
179, 137, 34, 19
180, 137, 35, 19
180, 136, 35, 20
180, 136, 34, 20
181, 135, 35, 20
183, 136, 34, 20
183, 136, 34, 20
183, 135, 34, 20
184, 135, 34, 20
184, 135, 34, 20
184, 136, 34, 20
186, 136, 33, 20
187, 136, 33, 20
187, 136, 33, 20
187, 136, 33, 20
187, 136, 33, 20
188, 135, 33, 20
188, 135, 32, 20
190, 136, 33, 19
190, 136, 34, 19
191, 135, 34, 18
191, 134, 34, 19
191, 135, 34, 18
192, 134, 34, 18
193, 134, 34, 18
194, 133, 34, 18
194, 133, 34, 18
195, 133, 34, 18
196, 133, 33, 18
196, 133, 32, 18
197, 134, 32, 18
198, 135, 32, 17
199, 135, 32, 17
198, 135, 31, 18
198, 134, 31, 18
200, 135, 31, 17
201, 136, 31, 17
202, 135, 31, 18
203, 135, 31, 18
202, 135, 30, 18
202, 137, 31, 18
202, 137, 30, 18
204, 138, 30, 18
203, 138, 30, 18
203, 138, 30, 18
204, 139, 30, 18
203, 140, 31, 18
204, 141, 31, 18
204, 143, 32, 17
204, 142, 32, 18
205, 142, 32, 18
206, 143, 33, 17
207, 143, 33, 17
208, 144, 33, 17
209, 142, 33, 18
209, 142, 33, 18
209, 142, 33, 18
209, 142, 33, 18
211, 142, 33, 18
211, 143, 33, 18
212, 143, 32, 18
213, 143, 32, 18
213, 143, 32, 18
214, 144, 31, 19
214, 145, 31, 19
216, 146, 30, 19
216, 146, 30, 19
216, 147, 31, 18
216, 147, 32, 18
215, 148, 32, 18
215, 149, 32, 18
217, 149, 32, 18
217, 149, 32, 18
217, 148, 32, 18
218, 149, 32, 17
218, 148, 32, 18
219, 148, 32, 18
219, 148, 32, 18
219, 148, 32, 17
219, 147, 32, 17
220, 146, 32, 17
221, 145, 31, 18
219, 146, 32, 17
220, 146, 32, 17
222, 146, 32, 17
222, 146, 32, 17
222, 145, 32, 17
222, 145, 32, 17
223, 145, 32, 17
223, 145, 32, 17
223, 145, 33, 17
223, 145, 34, 17
222, 144, 34, 17
224, 145, 33, 17
226, 144, 33, 17
226, 143, 33, 18
227, 143, 33, 17
229, 143, 33, 17
228, 143, 32, 17
229, 142, 31, 17
230, 142, 31, 17
232, 141, 31, 17
232, 141, 32, 17
232, 141, 32, 17
233, 141, 31, 17
234, 141, 32, 17
235, 141, 32, 17
235, 141, 32, 16
237, 141, 32, 17
238, 141, 32, 17
239, 140, 32, 16
240, 139, 32, 16
241, 138, 32, 16
241, 139, 33, 16
242, 138, 32, 16
243, 138, 32, 16
245, 137, 33, 16
245, 136, 32, 16
244, 136, 32, 17
245, 136, 31, 16
246, 136, 31, 16
244, 135, 30, 16
245, 135, 30, 16
245, 134, 30, 16
245, 135, 30, 16
246, 135, 30, 16
247, 134, 30, 16
248, 134, 30, 16
248, 135, 31, 15
250, 134, 31, 15
250, 133, 31, 16
250, 132, 31, 16
249, 133, 32, 16
249, 133, 32, 16
249, 133, 32, 16
250, 132, 32, 16
250, 132, 32, 16
251, 131, 31, 17
251, 131, 31, 17
250, 131, 31, 17
248, 132, 32, 16
248, 132, 32, 16
248, 132, 32, 16
250, 132, 31, 17
250, 132, 32, 17
248, 132, 32, 17
248, 132, 33, 16
246, 132, 33, 16
246, 133, 32, 16
246, 133, 31, 17
246, 133, 31, 17
246, 133, 31, 16
246, 133, 31, 16
245, 133, 31, 16
245, 133, 30, 16
244, 134, 30, 16
245, 134, 30, 16
245, 135, 30, 15
245, 135, 30, 15
245, 135, 30, 15
245, 134, 31, 15
244, 133, 30, 15
244, 132, 30, 16
244, 131, 30, 16
244, 132, 29, 15
244, 132, 29, 15
242, 131, 30, 15
242, 131, 30, 15
241, 131, 31, 15
242, 131, 31, 15
241, 131, 31, 15
240, 130, 32, 15
240, 131, 32, 15
240, 131, 32, 15
239, 131, 32, 15
240, 131, 32, 15
240, 130, 32, 15
240, 131, 32, 15
239, 131, 32, 15
240, 131, 32, 15
239, 131, 32, 15
240, 130, 32, 16
239, 130, 31, 16
238, 130, 32, 16
237, 130, 32, 16
237, 130, 32, 16
237, 132, 31, 16
236, 132, 32, 17
234, 132, 32, 16
235, 133, 32, 16
234, 133, 32, 16
234, 133, 31, 16
233, 133, 31, 16
232, 133, 32, 16
234, 133, 31, 16
233, 133, 31, 16
232, 133, 32, 16
231, 133, 32, 16
231, 133, 31, 17
230, 133, 31, 17
229, 132, 30, 17
229, 132, 30, 17
229, 133, 30, 17
229, 132, 30, 17
229, 132, 30, 17
230, 133, 29, 17
230, 133, 29, 16
230, 132, 29, 17
230, 133, 29, 16
230, 132, 28, 16
230, 132, 28, 16
230, 133, 28, 15
230, 133, 28, 15
230, 132, 28, 15
231, 132, 29, 14
230, 132, 28, 14
230, 132, 29, 14
231, 132, 29, 14
230, 132, 28, 15
231, 133, 28, 15
230, 133, 28, 15
231, 133, 28, 15
231, 133, 28, 15
231, 133, 28, 15
232, 134, 29, 14
231, 134, 28, 15
232, 135, 28, 15
233, 134, 27, 15
232, 135, 28, 15
232, 136, 28, 15
233, 137, 29, 15
232, 137, 29, 15
233, 137, 29, 15
234, 138, 29, 15
233, 137, 29, 16
234, 139, 29, 16
234, 139, 29, 16
233, 140, 29, 15
234, 141, 29, 15
233, 142, 29, 15
232, 143, 29, 15
232, 143, 29, 15
233, 143, 28, 15
231, 142, 28, 15
233, 143, 28, 15
233, 143, 28, 15
233, 143, 29, 14
233, 143, 29, 14
233, 143, 29, 14
234, 143, 28, 15
234, 143, 28, 15
233, 143, 29, 15
234, 143, 29, 15
233, 142, 29, 15
234, 142, 29, 15
233, 142, 30, 15
234, 143, 30, 15
234, 144, 31, 15
234, 143, 30, 16
236, 143, 31, 16
236, 143, 30, 16
236, 144, 30, 15
237, 144, 30, 15
237, 144, 30, 15
237, 145, 30, 15
238, 145, 30, 15
238, 145, 30, 15
238, 145, 31, 15
237, 146, 31, 15
238, 146, 31, 15
237, 146, 30, 15
238, 146, 30, 15
239, 146, 30, 15
239, 146, 29, 15
239, 147, 29, 15
238, 147, 29, 15
238, 147, 28, 15
239, 147, 28, 15
238, 148, 28, 15
238, 148, 28, 15
238, 148, 28, 15
239, 148, 28, 15
238, 148, 28, 15
238, 149, 28, 15
238, 148, 28, 14
239, 147, 28, 14
239, 148, 28, 15
239, 148, 29, 15
238, 148, 29, 15
239, 147, 29, 15
238, 148, 29, 15
237, 147, 29, 15
238, 147, 29, 15
238, 147, 29, 15
238, 147, 29, 15
237, 146, 29, 16
237, 146, 30, 16
237, 146, 30, 16
237, 146, 30, 16
237, 147, 30, 16
237, 147, 30, 17
237, 148, 30, 17
237, 149, 31, 17
236, 149, 30, 17
237, 149, 30, 17
238, 149, 30, 17
237, 149, 30, 17
237, 149, 30, 16
237, 150, 30, 16
238, 149, 30, 16
237, 149, 30, 16
238, 149, 30, 17
238, 150, 31, 17
238, 151, 31, 17
237, 150, 31, 17
237, 151, 32, 17
238, 150, 31, 17
237, 151, 32, 17
237, 151, 32, 17
238, 150, 31, 17
237, 150, 31, 17
239, 149, 30, 17
238, 150, 30, 17
239, 150, 30, 16
239, 149, 30, 16
239, 150, 30, 16
239, 149, 30, 17
239, 150, 30, 17
240, 150, 30, 17
240, 150, 30, 16
240, 150, 30, 16
241, 151, 31, 16
240, 151, 31, 16
241, 151, 31, 16
241, 150, 31, 16
242, 150, 31, 16
241, 150, 32, 16
242, 150, 32, 16
241, 150, 32, 16
242, 150, 31, 16
244, 150, 31, 16
244, 150, 30, 16
245, 151, 29, 16
245, 151, 29, 16
246, 151, 29, 17
246, 152, 29, 17
245, 152, 30, 17
245, 153, 30, 17
245, 153, 30, 17
246, 152, 30, 17
247, 152, 29, 17
247, 152, 29, 17
247, 153, 30, 17
247, 152, 29, 17
249, 153, 29, 17
249, 153, 29, 17
250, 153, 29, 17
249, 153, 30, 16
250, 153, 30, 17
250, 154, 30, 17
251, 154, 30, 17
251, 155, 30, 17
250, 154, 30, 17
250, 155, 30, 17
252, 155, 29, 17
251, 156, 30, 17
251, 156, 30, 17
252, 157, 31, 16
253, 157, 30, 17
253, 158, 30, 17
254, 158, 31, 16
254, 158, 32, 16
254, 159, 32, 16
255, 159, 32, 16
255, 159, 32, 16
255, 160, 32, 17
257, 160, 31, 17
257, 160, 32, 17
256, 159, 32, 17
256, 160, 33, 16
257, 160, 32, 16
257, 161, 32, 16
258, 161, 32, 16
259, 162, 31, 16
260, 161, 31, 16
260, 162, 31, 16
261, 162, 31, 16
261, 162, 32, 16
262, 162, 32, 16
262, 162, 32, 16
262, 162, 32, 16
264, 161, 31, 17
264, 161, 32, 16
266, 162, 32, 16
265, 163, 32, 16
266, 163, 31, 16
267, 163, 30, 16
267, 163, 30, 16
267, 163, 30, 16
268, 163, 30, 16
267, 164, 30, 16
268, 164, 31, 16
269, 164, 31, 16
269, 164, 31, 16
270, 164, 31, 16
270, 165, 31, 16
271, 165, 31, 16
271, 165, 31, 16
270, 166, 31, 17
271, 166, 31, 16
271, 166, 30, 16
272, 166, 30, 16
273, 166, 30, 16
274, 166, 29, 16
275, 166, 29, 16
275, 166, 29, 16
277, 166, 29, 16
278, 166, 29, 16
277, 166, 29, 16
277, 166, 30, 16
279, 166, 29, 16
279, 166, 29, 16
279, 166, 29, 16
279, 167, 29, 16
281, 167, 29, 17
281, 167, 30, 17
281, 166, 30, 17
281, 166, 30, 16
283, 166, 30, 16
283, 166, 30, 16
285, 166, 30, 16
285, 167, 31, 16
285, 166, 30, 16
287, 166, 30, 16
287, 166, 30, 16
287, 166, 30, 16
288, 166, 31, 16
289, 166, 31, 16
289, 166, 31, 16
290, 166, 31, 16
290, 165, 32, 16
290, 166, 32, 16
292, 166, 33, 16
292, 166, 33, 16
292, 166, 32, 17
292, 166, 32, 17
293, 166, 32, 17
294, 165, 32, 17
295, 166, 32, 17
297, 166, 31, 17
298, 165, 31, 18
298, 165, 31, 18
298, 166, 30, 18
297, 167, 30, 17
298, 167, 30, 17
298, 167, 30, 17
298, 167, 31, 17
298, 167, 31, 17
299, 167, 31, 17
299, 167, 31, 17
299, 167, 31, 17
298, 166, 31, 17
299, 166, 31, 17
300, 166, 31, 17
299, 165, 31, 17
300, 165, 31, 17
301, 165, 31, 17
301, 163, 31, 17
299, 164, 31, 17
299, 163, 31, 17
299, 162, 31, 17
300, 162, 31, 16
299, 161, 30, 17
299, 161, 30, 16
299, 161, 30, 16
299, 160, 30, 16
299, 160, 29, 16
299, 160, 28, 16
300, 159, 29, 16
300, 159, 29, 16
300, 157, 29, 17
298, 158, 29, 16
297, 158, 28, 16
295, 158, 28, 16
295, 156, 28, 16
294, 156, 28, 16
294, 156, 28, 16
293, 154, 28, 16
293, 154, 29, 16
292, 153, 29, 16
291, 153, 29, 16
290, 152, 30, 16
289, 152, 30, 16
288, 151, 31, 16
287, 151, 31, 16
286, 151, 31, 16
284, 151, 30, 17
283, 151, 30, 17
285, 151, 29, 17
284, 150, 29, 17
281, 149, 29, 16
279, 149, 29, 17
279, 149, 29, 17
279, 149, 29, 17
279, 149, 29, 17
276, 149, 30, 16
274, 149, 30, 16
273, 148, 30, 17
273, 147, 30, 16
272, 147, 29, 17
271, 146, 29, 16
268, 147, 30, 16
267, 146, 30, 16
265, 146, 30, 16
264, 146, 30, 16
262, 146, 30, 16
262, 145, 29, 16
260, 145, 29, 16
259, 145, 29, 16
257, 144, 29, 16
254, 146, 30, 15
254, 145, 29, 15
253, 143, 29, 16
252, 143, 29, 16
247, 142, 28, 16
246, 142, 28, 16
245, 141, 28, 16
243, 142, 28, 16
243, 142, 28, 16
241, 142, 29, 16
239, 143, 29, 15
238, 142, 29, 15
235, 141, 28, 16
235, 140, 28, 16
235, 139, 28, 16
234, 139, 28, 16
234, 138, 27, 16
231, 137, 28, 16
229, 137, 28, 16
228, 137, 28, 16
228, 137, 29, 16
228, 136, 29, 17
226, 137, 29, 17
224, 137, 30, 17
223, 137, 30, 17
223, 137, 29, 16
223, 137, 29, 16
222, 138, 30, 16
222, 138, 29, 17
221, 138, 28, 17
220, 139, 29, 17
220, 140, 29, 17
220, 141, 29, 16
220, 141, 29, 16
218, 140, 28, 16
217, 140, 28, 16
216, 139, 28, 16
217, 139, 27, 16
215, 139, 27, 16
216, 139, 27, 16
214, 138, 27, 16
213, 137, 28, 16
213, 137, 28, 16
212, 136, 28, 16
212, 137, 29, 16
212, 136, 29, 16
212, 135, 29, 16
211, 135, 28, 16
211, 134, 28, 16
211, 133, 29, 16
210, 133, 28, 16
209, 132, 28, 16
209, 132, 28, 16
210, 131, 29, 16
209, 131, 28, 16
208, 131, 28, 16
207, 130, 28, 16
207, 129, 28, 16
207, 129, 28, 16
207, 128, 27, 16
205, 129, 27, 15
206, 128, 27, 16
206, 129, 27, 16
206, 128, 26, 16
206, 128, 26, 16
203, 129, 26, 16
203, 129, 26, 16
204, 128, 26, 16
202, 128, 26, 16
203, 128, 26, 15
204, 129, 27, 15
203, 128, 27, 15
203, 128, 27, 15
203, 129, 27, 15
204, 128, 27, 15
204, 127, 27, 16
204, 127, 27, 16
204, 127, 27, 16
204, 127, 27, 16
203, 127, 27, 16
203, 127, 26, 16
203, 128, 26, 15
202, 128, 25, 15
202, 128, 26, 15
202, 127, 25, 15
202, 127, 25, 15
202, 126, 25, 15
203, 126, 24, 15
203, 126, 24, 14
202, 126, 24, 14
202, 126, 25, 14
203, 125, 24, 14
203, 124, 24, 15
203, 124, 24, 15
205, 124, 25, 15
205, 124, 25, 15
204, 123, 26, 14
204, 124, 26, 15
204, 124, 26, 15
204, 124, 26, 15
205, 124, 27, 15
205, 123, 26, 15
206, 122, 27, 15
207, 122, 27, 15
206, 121, 28, 15
205, 121, 27, 15
205, 120, 28, 15
206, 119, 27, 16
206, 119, 28, 16
207, 119, 28, 16
207, 119, 29, 16
208, 118, 29, 16
208, 118, 29, 16
209, 116, 29, 16
207, 115, 29, 16
209, 115, 29, 16
210, 114, 28, 16
210, 113, 28, 16
210, 113, 28, 15
211, 113, 28, 15
212, 111, 28, 15
212, 111, 29, 15
214, 110, 29, 15
214, 107, 28, 15
216, 107, 29, 16
216, 106, 28, 16
217, 105, 28, 16
218, 105, 28, 16
219, 104, 28, 16
220, 105, 28, 16
220, 105, 28, 16
220, 105, 28, 16
221, 106, 29, 16
221, 106, 28, 16
222, 105, 28, 16
221, 105, 28, 16
221, 105, 28, 16
220, 105, 28, 16
220, 104, 28, 16
220, 104, 28, 16
220, 105, 28, 16
220, 104, 28, 16
219, 104, 28, 16
219, 103, 27, 17
217, 103, 27, 16
216, 103, 27, 16
216, 103, 27, 16
216, 103, 27, 16
216, 102, 27, 16
216, 102, 28, 16
215, 102, 28, 16
215, 103, 28, 16
215, 104, 28, 16
215, 105, 28, 17
215, 105, 28, 16
214, 104, 28, 16
213, 105, 29, 16
212, 106, 30, 16
212, 106, 30, 16
211, 107, 31, 16
211, 108, 31, 16
209, 110, 31, 16
209, 110, 31, 16
208, 112, 30, 16
207, 112, 31, 16
207, 113, 32, 16
206, 113, 32, 16
207, 113, 32, 16
206, 113, 32, 16
206, 113, 32, 16
206, 112, 32, 16
207, 113, 33, 16
206, 113, 33, 16
207, 113, 33, 16
207, 112, 33, 16
208, 112, 32, 17
207, 112, 32, 17
207, 112, 32, 17
207, 112, 32, 17
206, 112, 32, 17
206, 112, 32, 17
206, 110, 32, 17
206, 111, 32, 17
207, 111, 33, 17
206, 111, 32, 17
206, 111, 32, 17
205, 111, 32, 17
205, 111, 32, 17
205, 112, 33, 16
205, 111, 32, 17
205, 111, 32, 17
204, 111, 32, 17
203, 111, 32, 17
204, 111, 32, 17
204, 111, 32, 17
205, 110, 32, 16
205, 110, 32, 16
205, 109, 31, 16
205, 109, 31, 17
205, 108, 31, 17
205, 108, 31, 17
205, 108, 31, 17
205, 107, 31, 17
205, 107, 31, 17
206, 108, 31, 17
205, 107, 32, 17
205, 108, 32, 17
204, 108, 32, 17
204, 106, 32, 17
206, 106, 32, 18
204, 105, 32, 18
204, 105, 32, 17
205, 105, 32, 17
205, 105, 33, 17
205, 104, 33, 18
204, 104, 33, 18
204, 104, 33, 18
203, 105, 33, 18
202, 104, 34, 18
202, 104, 34, 18
202, 105, 34, 19
201, 105, 34, 19
203, 107, 34, 19
202, 107, 34, 19
201, 108, 35, 19
200, 108, 36, 19
201, 109, 36, 19
199, 110, 36, 19
198, 110, 37, 19
196, 111, 37, 19
197, 111, 37, 18
196, 112, 38, 19
196, 112, 38, 19
195, 111, 38, 19
195, 111, 38, 19
194, 112, 38, 19
194, 111, 38, 20
195, 112, 37, 19
195, 113, 38, 19
195, 114, 38, 19
195, 113, 38, 19
195, 114, 39, 19
195, 113, 38, 19
195, 113, 38, 19
195, 114, 38, 19
195, 112, 38, 19
196, 111, 38, 20
196, 111, 38, 19
197, 112, 38, 19
198, 111, 38, 19
197, 110, 38, 19
198, 109, 38, 19
199, 110, 38, 19
199, 110, 38, 19
199, 109, 38, 19
198, 108, 38, 19
200, 107, 37, 20
201, 106, 37, 20
201, 107, 37, 21
196, 106, 38, 20
196, 108, 37, 21
198, 108, 37, 21
199, 110, 38, 21
200, 110, 39, 21
202, 111, 39, 21
202, 110, 40, 20
203, 110, 40, 20
205, 111, 41, 20
205, 111, 41, 21
207, 111, 43, 21
208, 111, 43, 21
208, 113, 44, 21
209, 112, 44, 21
210, 113, 45, 21
212, 113, 45, 22
211, 113, 44, 23
211, 114, 45, 22
211, 115, 45, 22
212, 115, 44, 22
211, 114, 44, 22
211, 113, 43, 22
210, 113, 43, 22
209, 113, 43, 22
207, 113, 44, 22
208, 113, 44, 22
207, 112, 44, 22
206, 113, 44, 21
209, 112, 45, 21
210, 112, 45, 21
210, 110, 45, 21
209, 111, 46, 21
208, 113, 46, 21
209, 112, 46, 21
209, 112, 47, 21
208, 112, 48, 21
209, 112, 47, 22
208, 114, 48, 22
208, 113, 48, 22
209, 114, 48, 22
209, 115, 48, 23
209, 117, 48, 23
209, 118, 48, 23
208, 118, 48, 23
208, 119, 49, 23
207, 119, 50, 23
208, 120, 50, 23
208, 119, 50, 24
209, 119, 49, 24
208, 120, 50, 24
208, 120, 50, 24
209, 120, 49, 24
210, 120, 49, 24
211, 120, 49, 24
211, 120, 49, 24
210, 119, 49, 24
209, 118, 49, 24
209, 119, 49, 24
208, 118, 50, 25
207, 118, 50, 25
207, 117, 50, 25
208, 116, 51, 25
207, 115, 51, 25
209, 114, 51, 25
208, 113, 51, 25
208, 114, 51, 25
208, 114, 51, 25
207, 114, 51, 25
208, 114, 51, 25
207, 116, 51, 25
207, 116, 52, 25
209, 115, 53, 25
209, 117, 53, 25
210, 117, 54, 25
210, 116, 54, 25
209, 117, 55, 25
210, 116, 56, 25
210, 115, 55, 26
211, 116, 55, 26
212, 116, 55, 27
212, 116, 55, 27
213, 115, 55, 27
213, 114, 54, 27
214, 113, 54, 27
214, 114, 54, 27
215, 113, 55, 27
215, 113, 55, 27
215, 112, 57, 27
215, 113, 57, 27
215, 112, 57, 27
215, 111, 58, 27
216, 110, 58, 27
218, 109, 58, 28
221, 108, 58, 28
221, 108, 59, 28
223, 109, 59, 28
223, 108, 58, 28
226, 107, 59, 28
226, 108, 60, 28
227, 107, 61, 28
227, 106, 60, 29
228, 106, 61, 28
229, 106, 59, 28
229, 105, 59, 28
227, 106, 60, 29
226, 105, 60, 29
227, 103, 60, 30
225, 104, 60, 30
228, 104, 61, 30
228, 103, 62, 30
228, 103, 63, 30
227, 104, 65, 29
228, 103, 66, 30
227, 102, 65, 30
228, 101, 65, 30
228, 100, 65, 30
226, 101, 64, 30
228, 101, 64, 31
228, 101, 64, 31
226, 102, 65, 31
226, 103, 67, 31
223, 103, 66, 31
224, 103, 66, 32
226, 104, 65, 33
226, 104, 66, 33
226, 104, 66, 33
227, 103, 65, 34
227, 102, 64, 34
227, 102, 64, 34
228, 101, 64, 34
225, 103, 64, 34
225, 104, 65, 33
226, 104, 64, 33
226, 103, 64, 33
226, 104, 65, 33
226, 104, 65, 33
226, 103, 65, 33
227, 104, 65, 32
226, 103, 65, 32
227, 104, 64, 33
226, 106, 64, 32
223, 107, 64, 32
220, 108, 64, 32
216, 109, 64, 32
213, 109, 64, 32
212, 110, 65, 31
209, 109, 65, 31
209, 109, 65, 31
207, 108, 64, 31
205, 109, 64, 31
206, 109, 63, 31
204, 109, 64, 32
205, 110, 65, 31
206, 110, 65, 31
204, 109, 65, 32
204, 110, 65, 32
200, 109, 64, 32
198, 111, 65, 32
196, 112, 65, 31
195, 113, 65, 31
193, 113, 65, 31
191, 113, 65, 31
189, 113, 64, 31
189, 114, 64, 31
189, 114, 64, 31
189, 114, 63, 31
190, 113, 63, 32
190, 111, 63, 32
189, 110, 63, 32
191, 109, 63, 31
191, 105, 63, 32
189, 98, 62, 32
189, 95, 63, 32
186, 93, 62, 32
184, 91, 62, 32
182, 89, 62, 32
182, 87, 62, 31
182, 85, 62, 31
183, 82, 63, 31
184, 81, 63, 31
185, 81, 63, 31
186, 80, 62, 32
190, 81, 61, 32
190, 83, 61, 33
192, 85, 60, 32
196, 87, 61, 32
197, 88, 60, 32
199, 90, 60, 32
199, 92, 61, 33
200, 92, 60, 33
200, 91, 60, 32
201, 90, 60, 32
202, 88, 59, 32
201, 86, 58, 33
202, 83, 59, 32
202, 82, 59, 32
202, 82, 59, 31
204, 81, 59, 31
207, 79, 58, 31
207, 82, 59, 31
207, 83, 59, 31
207, 85, 58, 31
203, 86, 59, 31
202, 88, 58, 31
200, 90, 58, 30
199, 92, 58, 30
198, 95, 58, 30
196, 98, 58, 29
197, 99, 58, 29
198, 100, 59, 29
199, 99, 59, 28
200, 97, 60, 29
201, 96, 59, 29
201, 93, 58, 29
202, 90, 57, 29
200, 89, 57, 29
199, 89, 57, 29
198, 88, 57, 28
197, 88, 57, 28
197, 87, 57, 28
198, 88, 57, 28
197, 89, 56, 29
198, 89, 56, 28
198, 89, 57, 28
197, 89, 56, 29
196, 91, 56, 29
197, 91, 56, 29
198, 92, 56, 30
199, 92, 56, 30
200, 92, 56, 31
200, 92, 56, 31
201, 92, 56, 30
202, 91, 56, 31
203, 91, 56, 31
204, 91, 55, 31
203, 94, 56, 31
203, 95, 56, 32
204, 96, 56, 32
204, 97, 56, 32
204, 96, 55, 32
203, 98, 54, 32
203, 99, 55, 31
204, 98, 55, 31
203, 98, 55, 31
204, 97, 55, 30
204, 97, 55, 30
207, 96, 54, 29
211, 96, 54, 29
215, 94, 54, 29
219, 94, 54, 29
224, 93, 53, 29
227, 92, 53, 29
230, 91, 52, 29
231, 91, 51, 29
233, 91, 50, 29
234, 90, 50, 29
237, 91, 49, 29
238, 93, 49, 29
237, 94, 49, 29
237, 96, 49, 29
238, 96, 49, 29
238, 98, 48, 29
237, 98, 48, 28
240, 98, 47, 29
241, 98, 47, 28
243, 98, 47, 28
244, 97, 47, 28
245, 98, 47, 27
244, 99, 47, 27
243, 98, 47, 27
242, 98, 47, 27
242, 97, 46, 26
241, 98, 46, 26
240, 99, 45, 26
240, 100, 45, 26
239, 100, 45, 26
239, 100, 44, 26
239, 100, 44, 26
240, 99, 43, 26
240, 99, 43, 25
240, 98, 43, 25
241, 96, 43, 25
243, 95, 42, 25
242, 94, 42, 25
247, 93, 42, 25
248, 92, 41, 25
249, 92, 40, 25
249, 91, 40, 25
251, 91, 39, 25
251, 90, 39, 24
250, 90, 39, 24
249, 90, 38, 24
251, 89, 38, 24
252, 89, 38, 23
252, 89, 38, 23
252, 89, 38, 23
253, 89, 38, 23
253, 89, 37, 22
254, 88, 37, 23
257, 87, 37, 22
258, 86, 36, 23
260, 86, 35, 23
260, 85, 35, 23
260, 85, 35, 23
260, 85, 35, 23
258, 85, 34, 23
257, 85, 34, 23
257, 85, 34, 22
257, 85, 33, 23
256, 86, 33, 22
256, 89, 33, 22
255, 89, 33, 21
255, 88, 33, 21
255, 87, 33, 22
255, 86, 31, 24
255, 86, 30, 25
256, 86, 30, 25
258, 86, 30, 25
262, 88, 30, 25
263, 87, 30, 24
266, 88, 29, 25
270, 86, 29, 25
273, 87, 29, 25
276, 87, 29, 25
277, 87, 29, 24
278, 87, 29, 24
281, 85, 28, 24
282, 83, 28, 24
283, 82, 28, 24
286, 80, 28, 24
288, 80, 27, 23
289, 80, 27, 24
289, 80, 27, 23
290, 81, 27, 23
289, 80, 27, 23
290, 80, 26, 23
290, 80, 26, 23
291, 80, 26, 23
292, 80, 25, 23
293, 79, 25, 23
294, 80, 25, 22
294, 80, 26, 22
296, 81, 25, 22
295, 82, 25, 22
291, 82, 24, 23
288, 82, 24, 23
285, 81, 24, 24
283, 81, 24, 24
281, 83, 24, 23
280, 82, 24, 23
278, 84, 23, 23
279, 84, 23, 22
278, 86, 23, 22
278, 89, 23, 22
278, 88, 23, 22
280, 88, 23, 22
280, 90, 23, 22
281, 91, 23, 22
283, 93, 23, 22
283, 93, 22, 22
283, 96, 22, 21
283, 97, 22, 21
283, 97, 22, 21
284, 99, 21, 21
284, 99, 21, 21
283, 98, 21, 22
284, 98, 21, 22
285, 100, 20, 22
286, 99, 20, 22
285, 99, 20, 22
285, 97, 21, 21
285, 96, 21, 21
285, 96, 20, 21
285, 93, 20, 21
284, 92, 20, 21
283, 90, 20, 21
283, 90, 20, 21
283, 87, 20, 21
283, 85, 20, 21
282, 85, 20, 21
285, 82, 20, 21
284, 82, 21, 21
284, 80, 20, 21
284, 80, 20, 21
286, 80, 21, 21
285, 79, 21, 21
287, 79, 21, 21
285, 79, 22, 21
285, 78, 22, 21
287, 78, 22, 21
284, 81, 22, 21
284, 78, 23, 21
283, 78, 23, 21
286, 78, 23, 21
