407, 246, 122, 151
410, 243, 122, 151
413, 238, 122, 152
417, 232, 122, 153
420, 229, 123, 153
423, 224, 123, 155
426, 221, 123, 157
424, 212, 124, 160
418, 209, 125, 160
409, 207, 126, 161
402, 198, 127, 162
393, 189, 128, 165
386, 178, 129, 166
374, 174, 130, 166
356, 169, 137, 160
346, 169, 143, 157
336, 168, 147, 155
328, 172, 148, 153
325, 173, 149, 151
319, 173, 149, 150
310, 175, 150, 149
311, 174, 147, 149
308, 174, 146, 149
299, 173, 146, 148
294, 172, 145, 148
289, 173, 142, 146
282, 168, 140, 147
271, 162, 138, 148
265, 158, 136, 148
263, 153, 134, 149
262, 141, 131, 152
262, 127, 129, 155
263, 115, 128, 154
268, 101, 126, 151
271, 90, 126, 149
279, 83, 126, 146
285, 73, 124, 145
290, 63, 124, 144
301, 57, 123, 141
309, 51, 121, 138
307, 52, 120, 134
306, 54, 119, 131
303, 58, 118, 128
299, 61, 118, 128
299, 68, 118, 127
295, 73, 117, 126
289, 77, 117, 125
284, 83, 117, 124
278, 87, 117, 123
270, 91, 116, 122
261, 94, 117, 122
256, 98, 116, 121
253, 99, 116, 120
252, 102, 116, 120
253, 105, 115, 119
251, 106, 115, 118
251, 106, 115, 118
250, 103, 114, 118
248, 104, 114, 118
248, 105, 114, 118
248, 107, 114, 117
247, 107, 114, 118
248, 106, 113, 118
246, 104, 114, 119
250, 100, 114, 121
251, 96, 114, 121
252, 94, 114, 120
251, 92, 115, 121
252, 88, 115, 121
252, 86, 115, 120
252, 85, 115, 120
254, 84, 115, 120
251, 84, 116, 120
255, 85, 115, 120
254, 83, 115, 119
255, 83, 115, 120
258, 82, 115, 120
257, 83, 115, 120
260, 82, 115, 120
259, 84, 116, 121
265, 80, 115, 120
267, 80, 116, 120
271, 81, 116, 121
279, 80, 117, 121
285, 79, 117, 121
289, 79, 118, 121
295, 80, 117, 122
300, 81, 117, 123
305, 77, 117, 122
308, 77, 117, 123
312, 72, 117, 123
314, 70, 117, 123
315, 67, 117, 123
317, 63, 117, 123
315, 62, 118, 122
317, 62, 117, 122
321, 61, 117, 123
322, 64, 119, 122
323, 66, 120, 123
322, 70, 121, 123
319, 74, 123, 124
316, 79, 123, 126
315, 86, 124, 127
310, 94, 125, 127
300, 101, 126, 128
295, 112, 127, 128
287, 127, 128, 127
281, 137, 128, 127
274, 146, 129, 128
268, 155, 129, 128
263, 162, 130, 128
258, 172, 130, 127
248, 179, 132, 127
240, 190, 133, 127
230, 195, 134, 128
222, 203, 134, 128
216, 209, 134, 129
212, 216, 134, 129
206, 221, 135, 128
205, 224, 134, 128
203, 226, 135, 128
203, 228, 134, 129
208, 223, 136, 130
212, 226, 136, 129
218, 225, 135, 131
222, 227, 134, 131
225, 226, 136, 132
234, 229, 136, 132
243, 232, 137, 132
253, 237, 137, 131
263, 240, 137, 130
268, 243, 138, 132
277, 244, 138, 132
286, 245, 138, 132
296, 243, 137, 134
302, 235, 137, 138
309, 227, 137, 140
313, 224, 138, 142
317, 217, 139, 146
311, 209, 139, 146
311, 202, 139, 147
304, 196, 141, 146
293, 195, 143, 145
278, 193, 145, 145
267, 189, 146, 145
257, 185, 147, 144
243, 185, 148, 145
228, 181, 147, 146
213, 177, 147, 146
201, 176, 147, 146
188, 170, 147, 147
172, 166, 147, 148
158, 161, 146, 149
148, 155, 145, 149
152, 148, 143, 149
153, 141, 143, 149
157, 131, 141, 148
157, 131, 141, 143
160, 131, 139, 140
162, 130, 139, 139
167, 129, 138, 137
170, 125, 138, 137
179, 124, 137, 135
183, 121, 136, 133
186, 119, 133, 132
188, 118, 131, 132
190, 116, 128, 132
193, 117, 127, 130
192, 117, 126, 130
195, 118, 126, 129
198, 120, 128, 128
205, 130, 129, 125
211, 134, 127, 124
217, 139, 126, 123
223, 142, 126, 121
232, 146, 123, 120
237, 145, 122, 120
241, 145, 120, 120
243, 144, 120, 121
243, 140, 119, 121
242, 135, 118, 122
239, 130, 119, 123
237, 124, 118, 125
236, 114, 118, 127
238, 105, 117, 128
239, 92, 116, 130
240, 82, 115, 132
238, 71, 115, 133
236, 59, 114, 134
238, 49, 114, 134
239, 40, 114, 133
244, 32, 115, 130
255, 28, 117, 127
269, 29, 118, 123
283, 35, 119, 118
296, 43, 119, 115
308, 51, 118, 113
322, 57, 118, 111
332, 64, 118, 108
345, 70, 117, 106
355, 77, 116, 104
364, 84, 115, 103
372, 90, 113, 103
378, 97, 111, 102
381, 104, 111, 103
380, 111, 110, 104
377, 120, 110, 105
374, 126, 110, 105
363, 133, 110, 105
355, 138, 110, 104
346, 141, 109, 104
336, 143, 109, 104
327, 147, 108, 104
319, 148, 108, 105
311, 149, 108, 105
304, 153, 107, 105
292, 156, 107, 105
282, 159, 107, 105
270, 161, 107, 105
260, 160, 106, 106
248, 161, 107, 107
239, 162, 107, 107
229, 165, 107, 106
218, 171, 108, 105
206, 177, 108, 104
194, 185, 108, 104
185, 190, 109, 104
176, 197, 109, 104
166, 205, 110, 103
154, 213, 112, 103
144, 219, 113, 102
135, 221, 113, 104
128, 223, 113, 105
124, 224, 112, 105
121, 224, 112, 105
117, 223, 112, 106
115, 221, 112, 107
115, 219, 113, 108
117, 214, 113, 111
119, 208, 112, 112
122, 207, 113, 111
125, 207, 113, 110
128, 208, 115, 109
133, 208, 116, 108
140, 209, 116, 108
144, 208, 117, 109
149, 210, 118, 109
153, 209, 119, 111
157, 211, 121, 112
157, 214, 122, 115
157, 216, 123, 117
160, 216, 125, 119
157, 217, 126, 119
157, 217, 127, 121
157, 217, 129, 121
157, 216, 131, 123
156, 214, 134, 123
154, 215, 137, 124
153, 216, 139, 126
152, 214, 141, 129
154, 212, 143, 132
155, 209, 144, 133
157, 208, 145, 135
158, 203, 147, 138
160, 200, 149, 140
160, 196, 150, 143
159, 186, 152, 146
161, 183, 153, 149
163, 177, 155, 152
166, 173, 157, 153
171, 167, 157, 155
173, 159, 155, 157
174, 153, 156, 158
174, 145, 163, 157
182, 138, 168, 157
188, 133, 169, 157
192, 133, 169, 158
196, 131, 168, 159
203, 127, 167, 159
207, 127, 166, 158
212, 129, 164, 157
216, 130, 162, 156
220, 129, 161, 154
219, 130, 160, 152
220, 131, 157, 151
223, 127, 155, 148
225, 129, 153, 145
225, 131, 152, 142
226, 134, 150, 140
228, 135, 149, 139
228, 135, 148, 138
229, 135, 147, 138
226, 136, 146, 139
220, 137, 147, 139
216, 135, 147, 140
214, 134, 146, 139
216, 132, 146, 140
218, 137, 145, 140
215, 144, 145, 140
214, 147, 146, 140
215, 151, 146, 141
216, 152, 148, 142
219, 153, 149, 144
221, 153, 151, 146
224, 157, 153, 147
225, 161, 155, 148
226, 162, 158, 149
227, 163, 161, 150
225, 164, 165, 151
227, 162, 166, 154
228, 160, 168, 155
229, 160, 172, 154
226, 158, 176, 154
224, 154, 179, 157
229, 146, 181, 161
237, 142, 184, 165
245, 140, 187, 166
251, 137, 189, 167
252, 138, 191, 170
258, 141, 197, 172
267, 143, 200, 175
273, 148, 200, 179
273, 156, 201, 182
274, 162, 201, 182
276, 165, 204, 182
275, 168, 206, 181
269, 167, 207, 185
264, 168, 209, 187
257, 171, 210, 187
254, 175, 212, 186
253, 177, 212, 186
254, 177, 211, 186
252, 175, 211, 187
256, 171, 209, 190
255, 166, 209, 190
260, 162, 208, 193
263, 156, 207, 196
264, 149, 206, 197
268, 145, 204, 196
269, 142, 202, 196
270, 137, 200, 195
268, 131, 199, 194
268, 127, 197, 191
261, 124, 195, 189
258, 117, 194, 190
255, 110, 190, 193
256, 104, 188, 191
259, 98, 186, 187
262, 99, 184, 184
265, 103, 184, 181
269, 105, 183, 178
271, 110, 182, 175
274, 114, 180, 175
274, 119, 180, 175
274, 130, 179, 174
271, 137, 179, 175
269, 147, 177, 175
261, 152, 176, 174
254, 156, 176, 178
246, 160, 173, 182
218, 161, 175, 182
200, 158, 173, 185
184, 157, 171, 186
173, 158, 170, 185
166, 159, 169, 182
153, 156, 169, 181
144, 156, 170, 177
140, 153, 169, 176
138, 149, 168, 175
132, 149, 167, 174
130, 145, 165, 174
128, 141, 162, 172
131, 140, 159, 170
120, 140, 159, 167
116, 135, 158, 164
115, 130, 158, 161
114, 127, 158, 158
103, 125, 156, 156
108, 122, 155, 155
108, 120, 156, 156
107, 114, 157, 156
108, 110, 157, 158
108, 108, 157, 159
112, 106, 156, 159
119, 107, 155, 159
140, 105, 156, 160
144, 111, 155, 159
126, 111, 156, 158
127, 111, 159, 156
146, 117, 160, 153
152, 118, 162, 150
173, 122, 158, 149
178, 120, 158, 147
197, 121, 156, 146
204, 119, 151, 145
210, 118, 149, 143
225, 117, 149, 139
229, 120, 147, 137
233, 120, 148, 135
249, 121, 148, 133
254, 119, 149, 131
262, 118, 149, 129
281, 119, 149, 128
297, 120, 148, 128
303, 121, 147, 129
320, 126, 145, 129
323, 123, 144, 130
328, 120, 143, 129
349, 122, 143, 129
349, 121, 143, 129
372, 121, 143, 129
405, 119, 143, 129
406, 119, 142, 130
410, 119, 141, 130
409, 133, 140, 131
410, 129, 139, 131
410, 128, 139, 131
399, 125, 136, 132
390, 124, 133, 133
405, 135, 132, 135
401, 129, 132, 136
388, 128, 132, 136
387, 126, 132, 136
377, 140, 130, 136
374, 139, 130, 135
360, 137, 128, 135
348, 135, 129, 134
339, 148, 127, 133
341, 143, 127, 133
330, 141, 126, 131
331, 152, 125, 130
320, 148, 125, 130
319, 146, 125, 129
317, 146, 125, 128
311, 144, 125, 128
299, 154, 126, 128
297, 148, 126, 129
283, 141, 127, 128
283, 136, 126, 127
281, 130, 125, 127
277, 125, 125, 128
274, 121, 124, 129
272, 114, 123, 128
269, 109, 123, 128
264, 105, 124, 128
263, 101, 124, 127
259, 97, 125, 125
257, 95, 127, 123
255, 92, 129, 121
262, 100, 129, 121
258, 95, 130, 122
263, 91, 131, 122
262, 89, 131, 122
257, 89, 133, 120
260, 103, 134, 115
257, 100, 136, 110
263, 102, 139, 107
260, 100, 141, 104
268, 99, 143, 102
265, 99, 144, 101
274, 110, 146, 99
270, 106, 147, 98
262, 105, 148, 97
260, 105, 147, 96
260, 115, 149, 96
253, 111, 150, 95
252, 121, 151, 95
244, 117, 152, 95
238, 115, 152, 95
225, 113, 152, 95
223, 114, 152, 95
222, 113, 153, 95
219, 111, 153, 95
214, 110, 153, 95
214, 119, 152, 95
211, 116, 151, 95
211, 116, 151, 95
221, 127, 151, 95
218, 125, 151, 94
224, 126, 151, 94
223, 125, 151, 94
231, 126, 152, 93
238, 127, 152, 93
236, 126, 152, 93
244, 125, 153, 92
251, 124, 153, 92
239, 121, 153, 92
251, 118, 152, 92
247, 116, 152, 92
244, 114, 152, 92
243, 113, 151, 92
241, 113, 151, 92
231, 118, 149, 96
241, 117, 150, 96
237, 128, 150, 96
202, 85, 152, 94
188, 89, 154, 93
185, 93, 155, 92
171, 95, 155, 92
173, 98, 155, 91
172, 102, 157, 90
169, 104, 157, 90
167, 106, 157, 89
164, 109, 157, 89
161, 111, 158, 89
169, 154, 157, 90
164, 151, 156, 91
164, 160, 156, 91
168, 157, 155, 91
161, 154, 155, 92
160, 153, 155, 93
153, 151, 156, 93
160, 160, 156, 94
155, 157, 156, 94
148, 155, 156, 94
143, 153, 157, 94
141, 153, 157, 94
139, 152, 157, 94
141, 163, 156, 95
145, 162, 156, 95
142, 162, 158, 95
147, 163, 157, 95
144, 161, 158, 95
148, 163, 158, 95
151, 164, 158, 95
150, 163, 159, 95
192, 172, 152, 101
180, 171, 152, 99
194, 164, 147, 102
181, 166, 148, 100
168, 165, 149, 98
196, 173, 146, 102
161, 159, 150, 100
158, 161, 151, 99
156, 160, 152, 99
156, 172, 152, 98
155, 168, 153, 98
154, 168, 154, 97
150, 167, 156, 97
147, 167, 156, 97
147, 166, 157, 97
147, 166, 157, 97
144, 164, 158, 98
144, 164, 158, 98
143, 164, 159, 98
143, 164, 159, 99
144, 161, 159, 99
144, 162, 159, 99
145, 162, 159, 99
145, 162, 159, 99
146, 161, 159, 99
144, 161, 160, 99
144, 161, 161, 99
143, 159, 162, 100
140, 157, 163, 100
139, 156, 163, 100
138, 154, 164, 101
136, 153, 166, 100
136, 153, 167, 100
134, 152, 170, 100
133, 151, 172, 101
131, 150, 173, 102
131, 149, 174, 102
176, 163, 168, 107
171, 168, 164, 113
179, 164, 161, 116
185, 174, 159, 119
178, 167, 158, 123
185, 173, 157, 126
192, 167, 156, 128
184, 165, 156, 131
190, 172, 155, 133
184, 165, 155, 134
191, 164, 153, 135
184, 170, 154, 136
191, 169, 152, 137
183, 175, 152, 138
191, 174, 151, 138
181, 172, 151, 139
186, 182, 151, 139
177, 177, 152, 139
183, 176, 151, 139
174, 176, 151, 139
179, 175, 151, 139
172, 182, 153, 139
165, 176, 154, 140
172, 173, 154, 140
165, 180, 156, 140
171, 177, 155, 140
162, 174, 156, 141
157, 181, 159, 141
151, 177, 161, 141
147, 183, 162, 143
143, 175, 165, 143
140, 181, 167, 144
138, 176, 167, 145
135, 182, 168, 146
135, 175, 168, 146
132, 181, 168, 147
128, 176, 169, 148
136, 174, 168, 148
129, 185, 168, 149
125, 182, 168, 150
137, 193, 169, 151
149, 200, 169, 151
159, 191, 169, 152
166, 187, 169, 152
177, 199, 169, 152
173, 209, 170, 153
189, 200, 170, 153
201, 194, 170, 153
198, 204, 171, 154
193, 195, 171, 154
202, 187, 171, 155
194, 180, 172, 155
181, 159, 173, 153
159, 174, 174, 154
156, 168, 174, 154
153, 169, 175, 154
153, 167, 175, 154
167, 164, 176, 154
179, 144, 179, 151
194, 145, 181, 149
245, 128, 185, 147
255, 134, 190, 143
266, 142, 196, 139
278, 148, 199, 137
290, 154, 201, 135
303, 160, 203, 131
313, 165, 204, 128
325, 171, 205, 126
207, 236, 201, 124
174, 178, 200, 124
168, 182, 195, 129
173, 165, 191, 134
177, 144, 186, 140
172, 135, 181, 143
152, 130, 178, 145
165, 121, 176, 147
160, 112, 174, 148
158, 104, 171, 147
171, 118, 171, 147
188, 114, 170, 147
208, 111, 167, 150
224, 125, 165, 151
174, 144, 171, 146
173, 147, 179, 140
176, 151, 185, 135
179, 155, 190, 131
185, 155, 194, 128
192, 156, 198, 124
199, 155, 201, 122
206, 151, 202, 121
211, 146, 202, 120
217, 143, 203, 120
227, 141, 205, 119
238, 142, 203, 118
249, 146, 201, 118
256, 152, 198, 119
263, 157, 197, 119
263, 171, 197, 120
254, 173, 198, 118
240, 176, 197, 118
225, 180, 196, 118
220, 183, 194, 118
219, 180, 191, 118
215, 177, 191, 118
209, 175, 189, 118
208, 174, 190, 119
221, 178, 182, 131
230, 194, 179, 139
238, 200, 176, 144
243, 209, 174, 145
242, 208, 174, 148
240, 209, 173, 150
238, 208, 175, 153
242, 208, 175, 153
247, 209, 175, 153
250, 207, 173, 155
249, 201, 173, 159
246, 194, 173, 162
243, 184, 171, 166
243, 175, 171, 169
243, 165, 173, 171
243, 158, 175, 171
233, 152, 176, 172
233, 145, 176, 174
235, 130, 176, 174
239, 122, 178, 173
245, 114, 179, 170
244, 110, 178, 169
244, 112, 178, 171
246, 121, 178, 169
245, 127, 177, 167
248, 131, 175, 164
252, 135, 176, 161
261, 139, 175, 160
271, 140, 173, 159
278, 143, 170, 158
284, 145, 169, 157
277, 143, 168, 157
272, 142, 167, 155
271, 141, 166, 155
270, 139, 166, 154
267, 135, 166, 156
262, 130, 166, 155
