20
31
31
31
30
36
33
29
31
34
32
28
18
19
30
29
30
30
33
28
29
21
14
23
26
26
23
25
25
24
25
26
25
28
32
34
33
33
32
34
31
32
29
21
28
34
35
32
33
34
32
30
32
33
30
34
32
35
34
34
31
33
36
34
30
30
28
28
32
33
30
28
35
35
35
34
33
36
32
33
33
32
33
32
19
16
28
35
35
33
33
33
29
32
34
31
24
24
27
18
18
29
33
33
29
26
30
34
34
36
31
36
35
32
32
34
33
35
30
33
34
36
28
30
29
32
32
34
29
32
34
33
32
33
35
33
35
30
33
32
35
34
34
34
31
30
34
34
35
33
34
34
33
34
32
35
32
34
32
33
33
32
28
33
28
32
19
15
28
29
29
33
33
34
27
27
27
19
18
28
32
36
34
32
31
29
33
31
32
31
27
28
27
31
32
30
30
31
30
24
28
30
33
33
31
31
31
33
33
34
32
33
31
31
27
31
30
27
31
34
29
31
30
30
33
35
33
33
31
32
33
30
30
31
34
32
32
33
29
32
33
24
20
21
27
30
31
32
31
29
27
30
28
27
30
23
16
28
29
32
33
33
30
35
35
33
36
30
29
30
29
33
33
31
22
23
28
29
25
25
23
25
31
32
28
29
32
29
31
29
33
20
24
31
33
35
31
32
31
34
35
32
33
31
30
33
28
31
28
31
27
28
33
32
35
31
33
31
29
32
17
18
35
28
30
27
31
34
31
33
34
28
27
28
19
15
28
28
33
32
33
30
33
31
29
30
27
28
32
31
33
33
32
33
35
28
30
33
36
29
32
31
31
30
29
29
35
32
32
30
32
33
33
34
34
33
32
34
33
33
33
28
30
33
35
34
32
35
35
32
31
34
33
32
28
27
32
30
33
32
35
31
29
18
16
26
31
30
32
32
32
31
29
33
28
27
27
19
18
26
29
31
33
31
33
36
31
33
33
36
33
29
33
35
26
33
32
30
33
33
33
31
29
32
34
30
34
33
34
34
33
33
34
36
27
34
30
29
28
30
32
27
34
32
31
37
36
33
32
33
33
33
33
34
33
36
35
32
35
29
29
30
32
29
17
24
27
32
36
33
31
34
29
36
33
26
26
26
18
15
28
36
33
29
32
32
35
32
29
32
34
35
31
35
29
30
31
31
28
32
34
35
34
33
32
34
34
33
32
28
32
34
33
31
33
29
35
31
32
29
34
33
34
32
26
32
31
29
33
34
35
32
29
26
27
33
28
31
32
33
34
32
27
31
17
12
24
27
29
24
28
23
21
17
20
27
31
32
32
27
29
31
35
29
31
30
29
31
31
33
33
35
31
35
30
35
28
35
33
34
32
35
32
32
32
31
34
30
34
34
32
34
35
35
36
35
35
35
32
33
31
29
28
28
32
30
30
32
33
33
33
32
35
32
34
32
34
35
33
34
33
35
33
18
15
26
30
27
27
32
31
33
32
33
28
29
28
18
19
28
31
32
27
31
30
32
31
29
31
34
34
29
33
32
33
33
34
32
30
30
31
32
34
33
31
34
32
34
32
34
32
34
31
30
32
31
33
36
31
30
32
31
30
30
31
34
