20
29
35
37
32
30
34
32
31
23
24
25
23
22
23
22
24
24
26
25
27
26
30
31
32
33
34
34
30
34
36
34
33
34
34
34
33
32
19
18
30
34
32
33
35
34
32
32
34
34
33
27
27
26
20
20
26
27
29
29
29
35
30
32
31
30
30
32
34
36
34
32
32
33
36
33
36
34
31
29
33
29
26
35
34
36
35
32
36
36
34
32
34
33
28
28
33
34
34
35
31
34
34
35
29
33
25
32
33
35
34
35
33
33
34
35
36
34
34
33
33
33
33
29
28
31
26
24
24
25
20
20
25
34
32
33
27
32
30
31
28
28
30
31
34
33
34
33
34
29
33
33
36
30
35
35
33
33
31
33
32
34
27
28
29
28
28
31
30
27
28
34
30
29
29
29
33
33
33
29
31
31
31
32
33
33
33
34
30
31
35
35
35
34
33
31
29
32
29
28
35
33
28
29
33
30
31
35
36
34
31
34
33
23
20
26
26
36
31
35
35
31
29
29
29
26
26
28
19
22
31
34
35
35
34
34
35
30
36
33
34
36
34
34
32
34
29
35
36
35
33
36
27
33
34
34
35
32
32
36
37
35
33
29
27
23
32
28
29
33
36
35
31
32
35
33
35
32
31
33
26
22
26
26
30
30
30
31
32
32
36
31
31
34
32
33
33
30
31
33
34
25
18
27
28
31
31
34
34
36
30
33
34
30
24
25
21
17
24
24
31
35
32
30
32
27
31
32
31
34
27
32
34
29
27
28
32
33
33
33
35
32
30
33
30
31
30
31
33
33
30
36
35
33
32
32
31
32
33
34
35
27
29
30
24
26
28
27
28
30
28
32
34
34
36
30
33
36
31
34
36
34
33
34
29
31
32
31
20
19
29
30
32
34
34
35
33
31
34
36
27
27
30
24
17
25
25
